"1" NA 2.49664733470313 0.495255816102971 -0.00385576960878134 -0.00469167303059318 -0.00457696742847624
"2" NA 0.22474723982058 0.217504981666002 0.19654197411664 0.192240879272959 0.196714089600879
"3" NA -0.203018226739533 -0.207043621459168 -0.202752234093761 -0.201023428814556 -0.198446262263656
"4" NA -0.177679826927767 -0.201950266536549 -0.199229776770472 -0.197636205652678 -0.19523005888136
"5" NA 0.158649885387131 0.204660847077258 0.201330085351174 0.201375075706182 0.202197282273504
"6" NA 0.218845464440297 0.227323996392342 0.198092143335312 0.19711062796563 0.200667709550216
"7" NA 0.1680238467105 0.17098431416917 0.196282591906878 0.199322165564645 0.201100492669487
"8" NA -0.193289772867087 -0.209054700455005 -0.20386233460149 -0.203425850159634 -0.205110061944505
"9" NA -0.165570853763166 -0.183251721841709 -0.192882050993882 -0.190862961496564 -0.193599585739476
"10" NA 0.191534803764294 0.197161444486007 0.199900269612035 0.195628743235064 0.198186732170483
"11" NA 0.167259593216681 0.196538604663816 0.200199635810074 0.199622948735305 0.198879994889368
"1" NA 2.74164335225246 0.515503739715989 0.034651401243108 0.0327425060804249 0.0325455421475252
"2" NA 0.187120311523531 0.190592201726086 0.202797301817143 0.205797452436796 0.204016838627108
"3" NA -0.227384921054535 -0.163554390962818 -0.195917949877494 -0.19572185803423 -0.196054683969741
"4" NA -0.200220728796066 -0.191456470954772 -0.202786425649323 -0.198173570985936 -0.197656347224799
"5" NA 0.191883139961958 0.181194143141585 0.19580228852143 0.196053832473167 0.197549519827587
"6" NA 0.215774951050825 0.190241169741168 0.197954839499608 0.203333256241724 0.205221843869192
"7" NA 0.199585283152281 0.188340010135365 0.20083097181377 0.203241907305671 0.198573543548031
"8" NA -0.189167988652564 -0.189829999709097 -0.192532295074869 -0.190960093337061 -0.190563001993642
"9" NA -0.204440389574123 -0.211371223958253 -0.206154639190274 -0.203447940884828 -0.203315794539975
"10" NA 0.187516043751545 0.20109030861309 0.209275476999814 0.206982880607592 0.203299581311116
"11" NA 0.214624268809575 0.195018470497742 0.194609556086078 0.195375300250714 0.196390559191346
"1" NA 2.64328486127273 0.318800669527466 -0.103654014621522 -0.104542687601419 -0.105009973680657
"2" NA 0.170582887788478 0.197872355934166 0.195163328041807 0.194317572556 0.195112298267717
"3" NA -0.253787020183842 -0.197833431156694 -0.212620671299916 -0.213536804422381 -0.215829530216787
"4" NA -0.175304681842088 -0.192237109919363 -0.186264968269257 -0.186438541656642 -0.184486382746167
"5" NA 0.222691862220759 0.200015305249757 0.197520077125815 0.197279137900302 0.199916545800478
"6" NA 0.194432611402774 0.20501802024897 0.194894309259422 0.195767194720425 0.19289108115944
"7" NA 0.20707477180942 0.205438148397093 0.20702230387499 0.207820650289317 0.202831900189129
"8" NA -0.157028139421207 -0.190559046258282 -0.18523668395603 -0.18443529278502 -0.186905158723113
"9" NA -0.201533153281569 -0.204590888059996 -0.201897495938585 -0.201553336382935 -0.204076990565577
"10" NA 0.195226829940853 0.206145074446089 0.210996771599458 0.213075738121138 0.211827800861558
"11" NA 0.224137771300835 0.205672473262649 0.202475945225488 0.201606099052792 0.204861715211723
"1" NA 2.87057566367573 0.436991003484616 -0.0100576905453475 -0.00586497723637179 -0.00913725267858669
"2" NA 0.188165410960871 0.200990711433824 0.193590348485302 0.193446270634408 0.193430368362602
"3" NA -0.222636364419258 -0.210639115238546 -0.204505923695723 -0.203553146114107 -0.2037328171903
"4" NA -0.213284946387255 -0.214446894130091 -0.208921461298644 -0.209506014410665 -0.208895282130726
"5" NA 0.190511493643802 0.21590139996466 0.203550055900545 0.20130868202072 0.202948138060369
"6" NA 0.20603033251503 0.196686777011105 0.199288900203691 0.199015757279464 0.197075125840176
"7" NA 0.274046134145434 0.229210562883566 0.211446879197931 0.21145162680813 0.212789459900185
"8" NA -0.191844609880913 -0.19829064346904 -0.197521876798059 -0.197431560741798 -0.199890052563408
"9" NA -0.169661776549162 -0.185925301347856 -0.193108756690136 -0.194363210773288 -0.195498275602303
"10" NA 0.189577226118414 0.202999594394557 0.195759333564148 0.19531492186198 0.194053523094589
"11" NA 0.194441256053157 0.195763966659432 0.203899224710536 0.202511357126552 0.205506599614766
"1" NA 2.79431244594322 0.451062856006114 0.0172807578304467 0.0159514972854462 0.0155529117651284
"2" NA 0.214462266652484 0.200746044179381 0.205911252922274 0.205344205628605 0.205903790586589
"3" NA -0.204530195813091 -0.178727914142937 -0.196130592390468 -0.198073824130147 -0.196200886483517
"4" NA -0.199118214841807 -0.223589022616459 -0.215510990595284 -0.214739849900408 -0.215078157849628
"5" NA 0.19262567258686 0.195445554822635 0.198963954421199 0.198788045782546 0.198733099831291
"6" NA 0.189076591929993 0.185057537679932 0.198932891706356 0.198496757672248 0.199446224575142
"7" NA 0.280198195838701 0.214207248450856 0.201739904119496 0.201792934183963 0.200992640974154
"8" NA -0.188607988381348 -0.206674379954346 -0.206864411163692 -0.207059193521818 -0.208475493153405
"9" NA -0.221922194838508 -0.210942837669768 -0.203326186484766 -0.203137918886 -0.202109786023736
"10" NA 0.208359875158034 0.201887008001545 0.197504301265759 0.197594858986921 0.196744702710037
"11" NA 0.251809599042935 0.206565947209741 0.200350845973345 0.199433519467524 0.201380661802385
"1" NA 2.84915035322852 0.484187415579029 0.055699474638828 0.053282445128546 0.0526060916851156
"2" NA -0.172748535938676 -0.203815197559557 -0.202179684213341 -0.206244627810459 -0.207363570943848
"3" NA 0.221370721100845 0.197497643781425 0.202013765072693 0.204728581878616 0.206720245620238
"4" NA -0.213690744327364 -0.21135254192605 -0.207858751985414 -0.207421895298891 -0.204753272912649
"5" NA 0.177830307981244 0.201572963022799 0.215687399583953 0.218862472181632 0.222749367479417
"6" NA 0.167454098811058 0.181243519287987 0.195983413279058 0.192961265170188 0.200079540578252
"7" NA 0.179663596976487 0.195092443377304 0.182874113661041 0.184585248801657 0.186581881722172
"8" NA -0.163856820927648 -0.186021057607929 -0.204767439395693 -0.206124251769529 -0.208137278474471
"9" NA 0.184063103043612 0.204666664900261 0.200824530474378 0.198664429322351 0.201293940510573
"10" NA -0.201828341775537 -0.193705471899097 -0.202255442743362 -0.201778718818173 -0.198765248677895
"11" NA -0.229042263583302 -0.2060449595759 -0.18657523276651 -0.189430105337232 -0.185536835882014
"1" NA 2.7058034395609 0.417428737749525 -0.0603429649962665 -0.061072780226675 -0.0599942583550475
"2" NA -0.165032371960192 -0.199315810587117 -0.204957297147265 -0.203738561506914 -0.203140784187899
"3" NA 0.210588495347754 0.186871848984967 0.205615346994481 0.206259636862735 0.206840798162478
"4" NA -0.212663369999556 -0.206949414342703 -0.214072934649445 -0.217958880788609 -0.215632831968156
"5" NA -0.231029881788505 -0.200995147613613 -0.189375503490333 -0.18907226426856 -0.185855835011316
"6" NA -0.226066747572003 -0.188741812911496 -0.196186915630713 -0.196861300378677 -0.195719514967427
"7" NA 0.233774590337453 0.198268918530902 0.198465777724562 0.199575429172236 0.197890233144744
"8" NA -0.194568799213408 -0.190711253310374 -0.203157285289826 -0.203528784846297 -0.202091042551751
"9" NA -0.22810853136628 -0.21286818178052 -0.202346559473596 -0.203254633162365 -0.202741327302849
"10" NA 0.218179670512678 0.193320336998586 0.207164248220737 0.203484955501948 0.204769469379189
"11" NA -0.193744220266323 -0.215647591209635 -0.199674904861191 -0.196159271420282 -0.19600191759095
"1" NA 2.77760980436925 0.460525011961805 -0.00193508845011771 -0.00344483309361707 -0.00678395872324581
"2" NA -0.190286820384572 -0.203161732497146 -0.192189468845864 -0.18770384817356 -0.187803029503952
"3" NA 0.194692244817493 0.192205340432705 0.19268896200937 0.189192540995722 0.191613905335029
"4" NA -0.178783263140267 -0.215820518966482 -0.198117271264423 -0.195205167468175 -0.196224903859464
"5" NA 0.186161037186753 0.181311660910785 0.197387084369898 0.197902837106087 0.198353860715297
"6" NA 0.161758189311886 0.194291499747049 0.204668621410185 0.210357802187837 0.210195556758903
"7" NA 0.212609455789993 0.211792295830118 0.201157422610685 0.202293321508859 0.202476242771541
"8" NA -0.194828555687167 -0.19846824351488 -0.211270679960076 -0.209798708893072 -0.210121652696248
"9" NA 0.194520230654753 0.202715436332744 0.214595007172191 0.217507223189954 0.216475398274527
"10" NA -0.206990067879261 -0.198969435106692 -0.202856661232172 -0.204848006466813 -0.204379800034877
"11" NA -0.153252217602068 -0.176864781843129 -0.207032322631884 -0.205107606759674 -0.205262740662
"1" NA 3.06445465451379 0.490390151364308 0.0425884844610476 0.0402031043659192 0.0424901506295938
"2" NA -0.221889499166106 -0.188458771407806 -0.204138999694874 -0.202130941888503 -0.202020816506278
"3" NA 0.188931601325766 0.228053077332496 0.207987630722781 0.208175795424458 0.207699489751036
"4" NA -0.192039724134839 -0.181497839257776 -0.191181936813284 -0.19115260407211 -0.188422350713615
"5" NA -0.229643557535832 -0.19588837318358 -0.200959179836839 -0.201142464164213 -0.193817158030306
"6" NA -0.208562713917479 -0.218231345681482 -0.213801692054082 -0.215278260836729 -0.220729828878107
"7" NA 0.23400426197005 0.214273421828531 0.206115332493668 0.204581715280625 0.207970329434891
"8" NA -0.177510055524795 -0.187452951820056 -0.199185147220954 -0.197852776058323 -0.199070285862483
"9" NA -0.201104164533453 -0.190713022675221 -0.199323515283492 -0.197851462687992 -0.198976075574459
"10" NA 0.202497074614569 0.205004503720684 0.210029547904938 0.211543246790417 0.216997051621642
"11" NA -0.218514968799184 -0.20156108010764 -0.199764592554708 -0.200976752559659 -0.202467914846412
"1" NA 2.73354961308359 0.46367728926013 -0.0150997506726457 -0.0197068717107541 -0.0183173330556297
"2" NA 0.169534431107065 0.186580176783026 0.197414555415782 0.194944031472426 0.189389765074667
"3" NA -0.205073720346692 -0.210643843723008 -0.202012014197028 -0.203283616405437 -0.209570724057481
"4" NA -0.250273004438152 -0.203839470364863 -0.20110138084914 -0.201388476350724 -0.201535188067427
"5" NA 0.172435801819227 0.202321285831297 0.203900609711823 0.206212057244012 0.204113598337042
"6" NA 0.158912687085225 0.198250908685622 0.211929331499233 0.210611553253109 0.212709614817837
"7" NA 0.202270103612306 0.230537928226693 0.207157133726833 0.203214915057991 0.20876639705431
"8" NA -0.131617933440664 -0.186232136393629 -0.203957813737852 -0.19725080053095 -0.196651464819693
"9" NA -0.238208136845946 -0.208402677879663 -0.196244608592254 -0.200922540142355 -0.201915664858736
"10" NA 0.207869055079921 0.198367406914425 0.19758086488554 0.200731558537625 0.199731332940186
"11" NA 0.172043721260917 0.191525564391168 0.197872527298317 0.194530519272075 0.203233213140327
"1" NA 2.77075640576795 0.39654043095843 -0.0183459910793731 -0.019987851191615 -0.0194276871328618
"2" NA -0.237938506645122 -0.233974599810938 -0.210199520117402 -0.209952398623203 -0.210148695943922
"3" NA 0.151001284412247 0.199463740765579 0.207040279095558 0.208621641011192 0.204867680877203
"4" NA -0.215682627728797 -0.210724556987433 -0.203000444856768 -0.199524523883319 -0.201072045697173
"5" NA 0.159298133234616 0.199795005643222 0.200692886137685 0.202568729720663 0.204149160884239
"6" NA 0.197090563033136 0.214624337509014 0.20541465560155 0.206023256681539 0.200143076127865
"7" NA 0.214268799729991 0.207683650022249 0.202588411119121 0.202088287470987 0.204128155131926
"8" NA -0.199525292251736 -0.208446578489336 -0.196019913195726 -0.196379386391788 -0.197593935336408
"9" NA 0.223138574117785 0.202945503790925 0.194874628272953 0.19551971245058 0.197057664116352
"10" NA -0.223848792180451 -0.191501319524684 -0.191886986940226 -0.194374114079408 -0.193887997642714
"11" NA -0.170684467505188 -0.196334524844327 -0.199829386157127 -0.19914084126012 -0.189519202600703
"1" NA 2.85923845973782 0.360645719891944 -0.0486236335924658 -0.0475069243531702 -0.0481903038341491
"2" NA 0.239876257010147 0.214140706751004 0.208306192098022 0.210932433571576 0.214684313266625
"3" NA -0.192413469809604 -0.20160403698112 -0.205044000327256 -0.209613739083182 -0.21002780649549
"4" NA -0.201622607374296 -0.18558987200964 -0.198313298492097 -0.197903369635309 -0.196072094781612
"5" NA 0.185399166822308 0.212475028659997 0.214842095222514 0.214577361805697 0.216459868203893
"6" NA 0.181711386287736 0.195259670122129 0.195152682514666 0.192720959692006 0.194068837840059
"7" NA 0.213880348089159 0.211633324156731 0.203377707579715 0.205378647561244 0.20216300899613
"8" NA -0.210538447548617 -0.197540360458878 -0.1985062967139 -0.198179086516165 -0.196414563041597
"9" NA -0.240292267521465 -0.213441303411596 -0.198499419521812 -0.19496569606295 -0.198676469318912
"10" NA 0.213672518877866 0.218120022962993 0.207539554299785 0.212573828133073 0.211212145825645
"11" NA 0.18224732243794 0.190515087599022 0.194122767651232 0.189560623916537 0.186401760722715
"1" NA 2.82992268895863 0.441406933482239 -0.0218860052070539 -0.0227546981037197 -0.0276643890040012
"2" NA -0.210347942787765 -0.200760664371542 -0.201817603889415 -0.202426190529157 -0.204687547051317
"3" NA 0.204810942512857 0.207622935569279 0.195045957518348 0.19440432175816 0.200219553670393
"4" NA -0.192073941647066 -0.201027930478149 -0.193393414746226 -0.193919173499866 -0.198688149321696
"5" NA 0.203848510692849 0.225129177486124 0.206473641497626 0.20643400704114 0.202506966961785
"6" NA 0.216462553085925 0.206423589612096 0.192531980712724 0.192721267784053 0.192143070134868
"7" NA 0.169805795546725 0.200793337103139 0.209532959724031 0.209925550989063 0.205954748463649
"8" NA -0.222090357247217 -0.190858193983435 -0.194254657961129 -0.1950427055782 -0.192898823653125
"9" NA 0.197369917696709 0.17508229404091 0.196958906813426 0.19817669604581 0.192326275573779
"10" NA -0.210882795057263 -0.193983914515749 -0.189777131060077 -0.188015432181565 -0.190771607587741
"11" NA -0.163194539765414 -0.173910966740008 -0.197361971705433 -0.196691777497038 -0.197442312667802
"1" NA 2.76642166649065 0.450807147036324 -0.0153613697253027 -0.0151251125722366 -0.018025627043931
"2" NA -0.163987139965961 -0.195411119607523 -0.193462409908242 -0.194129092554864 -0.194219317814181
"3" NA 0.198356974928483 0.199068653008008 0.204917288135765 0.210263402724422 0.208438697290198
"4" NA -0.242758799393161 -0.181918717309195 -0.202498523697713 -0.201599579786475 -0.200618907478798
"5" NA 0.197951917878765 0.19288430990387 0.196339826446891 0.200274148311065 0.19683177290709
"6" NA 0.194348390111351 0.198520937951193 0.194624238784216 0.198430406136841 0.198225594356968
"7" NA 0.153017637708275 0.182761082159321 0.211492768702086 0.208891243643945 0.210543389766149
"8" NA -0.184322453733629 -0.194748987849469 -0.193016359318042 -0.197048027779969 -0.199533373149863
"9" NA 0.187845230283795 0.213183960777801 0.206981416496901 0.212531324934479 0.207520925551198
"10" NA -0.173334563511956 -0.168755124695407 -0.193699730380848 -0.191137873571331 -0.193503163132939
"11" NA -0.183133360181743 -0.204196380003673 -0.204476446057435 -0.200977620966111 -0.202424982532892
"1" NA 2.78612945462585 0.376314852332767 -0.0599663472618858 -0.0602684178548006 -0.0527777432060129
"2" NA -0.2354246787311 -0.202883735274728 -0.206724376869869 -0.206075363753031 -0.209328041871958
"3" NA 0.215447725908537 0.192301569732612 0.197025723980542 0.195904470751164 0.192593979323906
"4" NA -0.237020277538263 -0.213073441934421 -0.19982306195856 -0.200689874515501 -0.199365255644825
"5" NA 0.19412190611425 0.177169443832164 0.194971894154089 0.194295545837516 0.192287359615013
"6" NA 0.209045210919042 0.234485421853547 0.216713263955924 0.218293745955748 0.218461037091874
"7" NA 0.153129091379988 0.183686320364591 0.200943104815414 0.203829637061955 0.202937598255036
"8" NA -0.21613197702721 -0.199144082556875 -0.195069779644999 -0.196533211732672 -0.192857663659178
"9" NA 0.190509957391012 0.18720094819145 0.195535832811962 0.196281792584307 0.193197915961071
"10" NA -0.208573838400226 -0.21576446009489 -0.20325157965685 -0.204186453075737 -0.205460051053369
"11" NA -0.168273545277844 -0.186024541377995 -0.199524944106706 -0.19846166044126 -0.202832247511233
"1" NA 2.56005711526958 0.377755339843855 -0.0345152412706052 -0.0360555757016418 -0.037649587109073
"2" NA -0.157535038360072 -0.182721136782374 -0.201286946490543 -0.20178463744861 -0.199481575024271
"3" NA 0.18413033231388 0.198063728316524 0.205213301561365 0.208197140078445 0.211065248816015
"4" NA -0.205251387971645 -0.186050581322989 -0.194718339009414 -0.193621002215542 -0.192337665236093
"5" NA 0.175072415891099 0.19721696862526 0.19778314903732 0.197543528412627 0.196946582543867
"6" NA 0.227050757657062 0.205433932503474 0.211301093374443 0.214717609483944 0.214499794022374
"7" NA 0.210840063042899 0.200911447321041 0.199356075650797 0.20199570711215 0.200477473351823
"8" NA -0.166264597609958 -0.169762875946393 -0.192807303359443 -0.19057577618453 -0.189972948115436
"9" NA 0.189337251575137 0.185180352103607 0.202634984738709 0.199894000610474 0.20315881323542
"10" NA -0.208371255784938 -0.194564444538575 -0.204423804355433 -0.204819114965467 -0.206849256457065
"11" NA -0.197551876154303 -0.206199673062202 -0.197613595177099 -0.20023694427234 -0.201087544506411
"1" NA 2.73319729331403 0.469472442562316 0.00985930225586817 0.00914839515677405 0.00730176562854126
"2" NA 0.18471082461315 0.202649687246661 0.195024014258708 0.193672752612672 0.193726407889319
"3" NA -0.175649513853938 -0.200712740561137 -0.201354790890672 -0.20221785639874 -0.20530055938927
"4" NA -0.244529208491818 -0.199408736980899 -0.195173485765409 -0.19632648667084 -0.199709210252457
"5" NA 0.193032824386947 0.225869590192215 0.210784431871697 0.213538437984762 0.211327353306244
"6" NA 0.222323551833296 0.191678928070837 0.200321588210877 0.201560136464858 0.198548535335009
"7" NA 0.152636274957924 0.194942756154039 0.207294187553855 0.208037068086128 0.203958436929781
"8" NA -0.180090875340603 -0.228040136633465 -0.202231463763052 -0.203411323637547 -0.20537113485648
"9" NA -0.209659471969666 -0.203253079110808 -0.203114199351716 -0.200063052757969 -0.203957296561352
"10" NA 0.213701464946139 0.204711373082318 0.210343819803694 0.210623474947345 0.204161359329926
"11" NA 0.177398189500988 0.217701374467511 0.206926541047469 0.212046047511238 0.213627259006415
"1" NA 2.62719234380473 0.541082217766384 0.0194870727940366 0.0184448125840206 0.0179369618550127
"2" NA 0.198276403241861 0.195678466689957 0.201199668367383 0.201093482053104 0.201546747670308
"3" NA -0.18453393540173 -0.187812488385742 -0.202483597622518 -0.202160992657316 -0.201206815097662
"4" NA -0.198649673514385 -0.197461318695336 -0.185613029081942 -0.185461189176462 -0.186974606649957
"5" NA 0.216512564165016 0.207644104137525 0.194358646051022 0.193427571762712 0.192642367424104
"6" NA 0.152743831030296 0.175650421225833 0.196493639945038 0.195602284025019 0.195596818728831
"7" NA 0.193793657908154 0.196119218030415 0.192149530392305 0.191781212823117 0.191217531420365
"8" NA -0.203484924351823 -0.224051986189101 -0.2055259872414 -0.204249053504429 -0.202436299483733
"9" NA -0.179291446450343 -0.187846421462585 -0.183547123664782 -0.182719562077584 -0.179471574753767
"10" NA 0.202360834863318 0.208082875829613 0.198121067762083 0.197778079466415 0.196651791969533
"11" NA 0.172649196259285 0.172141044250369 0.195558885452781 0.195292666772411 0.194745580116769
"1" NA 2.73309718430053 0.437509350362938 -0.00534486504910182 0.00145660070520193 0.000235216755393021
"2" NA -0.168457094649081 -0.192509964459823 -0.207913804895118 -0.20820082353568 -0.204961820688317
"3" NA 0.180609160491688 0.213860563283282 0.200881855225336 0.201133113699517 0.196778445493594
"4" NA -0.171446219387549 -0.177432603225054 -0.200661072591559 -0.203318063134042 -0.203761426795816
"5" NA 0.169522690001217 0.202543622795098 0.188678598164004 0.186953577855978 0.18422993879034
"6" NA 0.266864166430586 0.223955598006846 0.208370029438093 0.207926008146097 0.21547934365722
"7" NA 0.17518803129677 0.188401894578062 0.204330871984265 0.203328466337316 0.209286989571442
"8" NA -0.1091784949673 -0.17763233358757 -0.197045322303819 -0.202362597062291 -0.201308338100338
"9" NA 0.172690525693881 0.168103187079333 0.20064260907852 0.196387793232506 0.196876549438498
"10" NA -0.219610333487536 -0.197001221521212 -0.192887375657818 -0.185855352440987 -0.191631033192637
"11" NA -0.197118581296781 -0.209716478540378 -0.202154044334486 -0.200853080472603 -0.203777478461935
"1" NA 2.81144527471701 0.440034190178834 -0.0301989634359068 -0.031664902433238 -0.0342254301916018
"2" NA -0.211561630485569 -0.185012792460337 -0.19332434752044 -0.198666602864357 -0.196341506690407
"3" NA 0.156649785580421 0.182293738752167 0.195472170314145 0.206046752695394 0.205941131872258
"4" NA -0.163070724003356 -0.204910260960937 -0.194532848238084 -0.193127344448847 -0.187355876787415
"5" NA 0.18113876036597 0.192465747519929 0.20187283110193 0.216913497208687 0.212632974557094
"6" NA 0.188964419479654 0.190779042925258 0.206650473185596 0.202893189832254 0.200814686707589
"7" NA 0.168142269932114 0.203212176300285 0.193141190791462 0.18572787625288 0.187177192985967
"8" NA -0.230095497229531 -0.202039213852211 -0.193644308085058 -0.189946091779692 -0.1948747584181
"9" NA 0.199221265865282 0.202809992823771 0.208405077484412 0.210142990742763 0.209285458406469
"10" NA -0.203249804542622 -0.185575479819488 -0.198509109767997 -0.203492252379736 -0.198960518625081
"11" NA -0.221469537506372 -0.210765611624243 -0.190879806382946 -0.199023449684627 -0.200959415461892
"1" NA 2.7735285852417 0.408870469929293 -0.0482622410494863 -0.0485347176442557 -0.048842967265135
"2" NA 0.177137656853654 0.194617647622422 0.194554034089985 0.202122260226413 0.203587042793755
"3" NA -0.25928238543678 -0.226204953363417 -0.199038058205648 -0.203960247988769 -0.200354283159223
"4" NA -0.203795058445268 -0.217378618807333 -0.211365963158569 -0.209375380966649 -0.209036287041221
"5" NA 0.183982034844288 0.184442477892723 0.196702460088375 0.193913181956922 0.190944942385208
"6" NA 0.102061252857739 0.184421610912152 0.198462186615927 0.201444933179288 0.202853498890738
"7" NA 0.230285811867086 0.191018282590805 0.188260787977721 0.186787142673561 0.18926820046526
"8" NA -0.259067488469488 -0.205977144902872 -0.195156118920758 -0.199492300023081 -0.198842637567871
"9" NA -0.198452210582824 -0.220880736773816 -0.212926884840644 -0.209687659535385 -0.21227199911745
"10" NA 0.205714253235064 0.196518451594025 0.192643985416894 0.19034077281304 0.191681883357067
"11" NA 0.170926707287636 0.2012688053004 0.208767169417002 0.213217004458434 0.21462709021956
"1" NA 2.71733138457458 0.507802068236171 0.0549219868895804 0.0533606628479802 0.0522325790337334
"2" NA -0.220122744259578 -0.195570050106259 -0.20240762148869 -0.198892982549644 -0.201408452561346
"3" NA 0.171832074740994 0.197916185960417 0.196519562355479 0.197712412292658 0.195810229260068
"4" NA -0.227773414691374 -0.223155198380512 -0.208356487760753 -0.20811022568958 -0.209509948553841
"5" NA 0.207849906601354 0.21407266976042 0.210681068631017 0.212535663063394 0.213993160616693
"6" NA 0.231678372949615 0.199358478916717 0.194820548560885 0.197964776718477 0.193296316345222
"7" NA 0.198478132034774 0.213298734861934 0.201490960706558 0.204737719883489 0.200475031989538
"8" NA -0.175267668109555 -0.209817186682042 -0.199006805184345 -0.195302329775762 -0.19622865848006
"9" NA 0.154985600537445 0.199312523793437 0.193445795393653 0.193566308890628 0.19637908934951
"10" NA -0.203540688985289 -0.188176148396054 -0.199495502224204 -0.199650042516292 -0.196051864802273
"11" NA -0.183040968649428 -0.201176103921521 -0.199720018943339 -0.202668949030813 -0.203143025648525
"1" NA 2.73309718430053 0.437509350362848 -0.00534486504910182 -0.00123554199140471 -0.00132197718763577
"2" NA -0.168457094649081 -0.192509964459784 -0.207913804895118 -0.20863832774801 -0.2062609231253
"3" NA 0.180609160491688 0.213860563283335 0.200881855225336 0.200202384628208 0.196616148162573
"4" NA -0.171446219387549 -0.177432603225061 -0.200661072591559 -0.2013516649359 -0.203836323423394
"5" NA 0.169522690001217 0.20254362279507 0.188678598164004 0.190360742845227 0.183274847332191
"6" NA 0.266864166430586 0.223955598006806 0.208370029438093 0.208060801735907 0.213111976651631
"7" NA 0.17518803129677 0.188401894578032 0.204330871984265 0.205551711935187 0.19806131698263
"8" NA -0.1091784949673 -0.177632333587565 -0.197045322303819 -0.202181253225254 -0.200458506842575
"9" NA 0.172690525693881 0.168103187079329 0.20064260907852 0.200718391954438 0.200383341636062
"10" NA -0.219610333487536 -0.197001221521225 -0.192887375657818 -0.186908101082722 -0.184802225809241
"11" NA -0.197118581296781 -0.209716478540391 -0.202154044334486 -0.205039205979963 -0.204929018649269
"1" NA 2.71733138457458 0.507802068236135 0.0549219868895631 0.0533607520920855 0.0532944685375071
"2" NA -0.220122744259578 -0.195570050106191 -0.202407621488654 -0.198949051247712 -0.205606159539217
"3" NA 0.171832074740994 0.197916185960519 0.196519562355422 0.197664757405527 0.195823304771283
"4" NA -0.227773414691374 -0.223155198380409 -0.208356487760832 -0.208269184330995 -0.207302120063684
"5" NA 0.207849906601354 0.214072669760394 0.210681068630976 0.21248535586911 0.210543544627474
"6" NA 0.231678372949615 0.199358478916726 0.194820548560863 0.197806348647164 0.199576000586603
"7" NA 0.198478132034774 0.213298734861939 0.201490960706551 0.204788329121609 0.201428944752216
"8" NA -0.175267668109555 -0.209817186682042 -0.199006805184343 -0.195259711465509 -0.204780918703264
"9" NA 0.154985600537445 0.199312523793431 0.193445795393655 0.193510144140207 0.192595285229999
"10" NA -0.203540688985289 -0.188176148396065 -0.199495502224205 -0.199593317198116 -0.195988747599411
"11" NA -0.183040968649428 -0.201176103921518 -0.199720018943342 -0.20240602444451 -0.206868551687842
