1 1.30048643525498
1 1.11450812675162
1 1.21447564051862
1 1.26974122473454
2 0.245089117149083
2 0.258805540375442
2 0.269180583547928
2 0.165756316686415
3 -0.00133465737724006
3 0.00237001912064559
3 0.0432335549401718
3 -0.0507922974741689
4 -0.00372169916307245
4 -0.0011313965931604
4 0.0571832287966008
4 -0.0609797961454753
5 -0.0228621733681369
5 0.00867577155709349
5 0.0720950724120831
5 -0.0364024851724879
6 0.0101242468804261
6 0.000775585174616805
6 0.0568133710621185
6 -0.0414013827883073
7 0.0225325236849298
1 1.22224791677519
7 0.0557474858217014
7 -0.0148193682621583
7 -0.0635233537605692
2 0.149310891760776
1 1.16039430095456
1 1.62270324463699
1 1.10657267265974
3 -0.052740889632494
2 0.205824375407415
2 0.130648222913312
2 0.0653115276853856
3 0.0202542246243157
3 0.00266429292347601
3 -0.0572829770153432
4 -0.0651426487891287
4 -0.00862337841319737
4 0.016902885749278
5 -0.00533483563060871
4 -0.0617929787535435
5 0.000839124275571581
5 -0.0121827599111611
5 -0.0657848154038899
6 -0.0775286980609231
6 0.01899888790668
6 -0.00475748233565942
6 -0.077829859130609
7 -0.0356975328776283
1 1.28076863970105
2 0.174619591967762
7 0.0273189022006143
7 0.0359950100439473
7 -0.0394882587318019
1 1.12896475112401
1 1.20150228513244
3 -0.0233478604065044
1 1.08897413182565
2 0.153191641823802
2 0.183804673630879
2 0.132075635461388
4 -0.0192835517221711
3 -0.0149765741437843
3 -0.0182815323907052
3 -0.0394376965768981
5 -0.0287055654480017
4 -0.0125395169862165
4 -0.0237273203882423
4 -0.0530666125255759
6 -0.0216004601118118
5 -0.0131214575847221
5 -0.0202384197835027
5 -0.00440802503421052
6 -0.0288448998293293
6 0.0090415496311042
7 -0.0185595416210914
6 -0.016434778482866
1 1.27484089049799
2 0.186979162725274
7 -0.0331307220353375
7 -0.00375022177870539
1 1.10873544236069
3 -0.0287933325228234
7 -0.018062388503129
1 1.29857644580223
1 1.27665053313452
2 0.241150211658073
2 0.211381789546918
4 -0.0290643423631296
2 0.69175720707922
3 -0.0261285784489678
3 -0.00187303497994248
3 -0.00710216990906871
5 -0.0319840456245959
4 -0.0174251441916458
4 0.0120811776640051
4 0.00698969518202602
5 -0.0214003901852089
5 0.016420276365533
6 -0.0144342506903085
5 -0.0156712045213226
6 0.00485206282454555
7 -0.010566559795314
6 -0.0192511195627457
6 0.0134677712993134
1 1.28145993642319
2 0.253271281630491
7 0.0239056643391883
7 -0.0113650545293756
1 1.07246027276198
3 0.0724250388510428
1 1.29815192384875
7 0.00350787332320296
2 0.13564348553518
4 0.0691266645433828
2 0.113459381984085
1 1.06760357670326
3 -0.0373376406052539
3 -0.0902591596195527
2 0.477846976286499
5 0.104929969812795
4 -0.0408865976408428
3 -0.14254211999808
4 -0.0849017424484558
4 -0.151080109472622
6 0.081442323814317
5 -0.00156089513004756
5 -0.0565169009536184
5 -0.152294278078789
6 0.00101773477389671
6 -0.0847535723354871
7 0.0946103470189784
1 1.17639817230111
6 -0.132926547424126
7 -0.0414671539189045
2 0.11804393492418
1 1.55073314855492
7 -0.0655972938377664
3 -0.0357282696720982
2 0.282760055084175
7 -0.116956816661311
1 1.50302060102979
1 1.24135311636391
4 -0.0128065842726282
3 0.0117101246143177
2 0.134828299849391
2 0.148594975270184
4 -0.00676203709233823
3 -0.0603848517919451
3 -0.0914137271327889
5 -0.0212794584993293
4 -0.057948139824677
5 -0.00123994874187727
4 -0.0955190997574509
6 -0.0242157569476756
6 -0.0115630060090997
5 -0.0657942972092626
5 -0.107213997873011
7 -0.0411247611694925
6 -0.0844795222760829
7 0.0375026993069857
1 1.28475629880904
6 -0.103469078780532
1 1.36993091431911
2 0.185339359214698
2 0.110173107422929
7 -0.0550750028770099
3 -0.0206663698182097
3 -0.0742670216215763
1 1.26797557717777
7 -0.109531259949934
4 -0.0274623656251783
1 1.20087986323897
2 0.169897424717572
4 -0.0815017274385842
2 0.222178177928232
3 -0.0248380601420582
5 0.000782843944179785
3 -0.0481708802530508
5 -0.0950103167756977
4 -0.0272964001085043
4 -0.0435451220266395
5 0.00822634488607129
6 -0.0804501234305293
6 0.00574123762065946
5 -0.0521087439690781
6 -0.00794352746169328
7 -0.0908032253657648
7 -0.026530437489284
1 1.52189275037773
1 1.29197383793773
6 -0.0258741961651378
7 -0.00978391841451889
2 0.301256899628902
2 0.166915978464611
1 1.51252746477514
3 0.0611187202894179
3 -0.00873346496162215
2 0.184039848440428
7 -0.0380904217453417
1 1.39472035067348
3 0.0661889298773016
4 0.0589955820611635
4 0.00263394436447363
2 0.310716791578251
4 0.0819589498452773
5 0.0772170185500338
3 0.0121837566678734
5 -0.000290633640876262
5 0.0837824151991669
4 -0.000164095042142333
6 0.0412566705126632
6 -0.0120027566192363
5 0.0244145989165497
6 0.0879637701275949
7 0.0663146595126828
1 1.53766637984387
6 0.0343469309564259
7 -0.00400948672092267
7 0.0713734012782699
1 1.19100856314622
2 0.153629892906662
1 1.28706861493443
2 0.0164281029247852
3 -0.0370641360896333
2 0.798927963867039
3 -0.133486255347314
7 0.0165024133698298
4 -0.0260215190584159
3 -0.0391569085366682
1 1.33814520810275
4 -0.11148429551669
4 -0.0474925096431704
2 0.150007557852205
5 -0.0459893821260107
3 -0.0404646535193162
5 -0.101428794631803
5 -0.0552149046474555
4 -0.046865967516625
6 -0.0379321539582572
6 -0.101046544874693
5 -0.0432245266221924
6 -0.0242704337189726
7 -0.0461231755831005
7 -0.127206642006894
6 -0.0295565935065677
1 1.32949370328251
7 -0.0330763110462893
1 1.4011719200962
1 1.34963819895581
2 0.168870867636127
2 0.26486020711127
2 0.281219408146799
3 -0.00311437014037215
3 0.00172972496535188
7 -0.0582986412833119
3 0.0421708235710125
1 1.19739223729486
4 0.0305233349747819
4 0.000168936211425542
4 0.0498456484323245
2 0.264531418565579
3 -0.0107658539816818
5 -0.0106095499059834
5 -0.0131785199053918
5 0.0311531354501229
4 -0.00971778831432956
6 -0.00223170546572122
6 0.0168366254931916
6 0.043976479574096
5 -0.0322164258536801
7 -0.0300837372220439
7 0.00740668274749435
7 0.0417643731364067
1 1.2053020587125
1 1.43798659189048
1 1.3182710564193
6 -0.0140481459856476
2 0.04851776864823
2 0.328853977198633
2 0.300494017411757
3 -0.164663305684319
3 0.142701332132667
3 0.0371895091339889
4 -0.145474713358593
4 0.131341104401744
7 -0.0114396230598093
4 0.0348720710810278
1 1.38681251618729
5 -0.116877800640483
5 0.168303144033622
5 0.0140899804264207
2 0.350642599629352
3 0.0936976411801061
6 -0.118791936980437
6 0.149928827375699
4 0.102556065750116
6 0.0414372845448471
7 -0.114721759516152
5 0.0816748273998232
1 1.34830614488886
7 0.177854303511402
7 0.0695685691988902
2 0.257271637454323
1 1.16361885101496
1 1.0661725582091
6 0.10490192523977
2 0.217689782246806
3 0.0171043756536101
2 -0.0247433281999475
3 -0.0408564825833518
3 -0.1597990157675
4 0.0199913875652607
7 0.104703992782213
4 -0.03402962979093
4 -0.167108029836371
1 1.29580486555134
5 0.00735820479075215
2 0.24947524107148
5 -0.0183906221540209
5 -0.192395941963741
3 0.0533292571394557
6 0.00435091936946648
4 0.0507620162790153
6 -0.00324427653234136
6 -0.165275045751724
7 0.0119352737950613
5 0.0447647764630346
7 -0.0630400262482749
1 1.17979525986112
7 -0.136024245078411
1 1.09250872127633
2 0.0587069838075063
1 1.31124851556822
6 0.0649404551737541
2 0.158094305184692
3 -0.119848336220623
2 0.238700844750917
3 -0.0687692970521487
3 -0.047811096393436
4 -0.106438781567197
7 0.0552872505344813
4 -0.0765488885425727
4 -0.0317824652365916
1 1.28162398172273
5 -0.114096443419707
2 0.111296668249499
5 -0.0643436484930835
5 -0.0642318660004225
3 -0.0693778780968263
6 -0.099674701537896
6 -0.0896606916271726
4 -0.0652863200799103
6 -0.024272969990813
7 -0.0904320541019092
7 -0.103227254833848
5 -0.0725766114665835
1 1.19429507638053
1 1.20158156432831
7 -0.0438805310712779
2 0.144741067228186
1 1.10762939036721
2 0.126048795578938
6 -0.0882838360395047
3 -0.0793107470850702
2 0.058692268389532
3 -0.131661131068379
3 -0.139928054557398
4 -0.0749578995427185
4 -0.130230375397359
7 -0.0863346823344184
4 -0.139433013359092
5 -0.0748703395359556
1 1.38754628900376
5 -0.111340106380967
2 0.208857585627209
5 -0.119471141737126
6 -0.0553756053617289
3 0.00608346009872245
6 -0.139057356363273
6 -0.141332658160453
4 -0.0180157119917217
7 -0.0855558570126344
7 -0.129328477699144
1 1.3504375836106
1 1.2376320365298
2 0.303826528448444
5 -0.00218280115007772
7 -0.143341392674195
3 0.0671592298670564
2 0.237469449294269
1 1.24347758567832
3 0.0119979533467106
6 0.0373467855599426
2 0.126165324924189
4 0.0678428097908303
3 -0.110648543358706
4 0.0165018031954043
5 0.0638985416108684
7 -0.000270504751880285
4 -0.117448629594464
5 0.0174199994124864
1 1.02949948129884
6 0.0760367217418794
2 0.116379167716461
5 -0.106045468678874
3 -0.0922522295149415
6 0.0481338892423539
6 -0.116844459049628
7 0.085433065767418
4 -0.103626071715238
1 1.2789905438175
7 0.0134782350107587
1 1.57839146690158
2 0.329719141151747
5 -0.107726849829207
7 -0.0993345434286732
2 0.858283124140492
3 0.0553472471738256
1 1.3944361503855
3 0.00160241366735263
6 -0.106847215841959
4 0.0553302419988961
2 0.221225247194167
4 0.014386016433689
3 0.0409139886583832
5 0.062338906224195
7 -0.0865316366580765
5 0.0038284915186803
1 1.15757137460601
4 0.0484536059611466
6 0.0702146111096038
2 0.102099290885123
5 0.0587654068121502
6 0.0249948978503814
3 -0.088649021083673
4 -0.0976455416718517
7 0.0853407053843541
6 0.0492268197385878
7 0.00396981668972872
1 0.996249422716934
1 1.1855122398021
5 -0.0504709492764551
2 0.131608653431912
7 0.00802635402876176
2 0.19766321597946
3 -0.0897223810830385
1 1.25785325894988
3 -0.0130106859441225
6 -0.095590084559954
2 0.162665543290287
4 -0.0894097532829383
3 -0.0333655042608263
4 -0.0292858095111978
7 -0.0832783992877515
5 -0.0936124207052539
4 -0.0535344497019144
5 -0.0394182303690233
1 1.4101420499208
2 0.114052305113835
6 -0.0811830475782487
5 -0.0203594535578383
6 -0.0195775116957679
3 -0.0344778909514543
7 -0.08420284985726
4 -0.00987795693593558
7 -0.0494128072640192
6 -0.0645815347586453
1 1.30654903155981
1 1.19113549795774
2 0.218341900077749
5 -0.01006473308812
2 0.197597204617785
3 -0.0399072075419511
7 -0.0498791548479783
3 -0.0215841439236102
1 1.2643349829813
6 -0.0372648652026015
4 -0.0541360384806939
4 -0.0334047378945224
2 0.250747678812202
5 -0.0491114479412282
3 0.0128754452289153
7 -0.0229196522630081
5 -0.0153705657512733
1 1.13605895912173
4 0.0216435692907275
6 -0.0283344201946584
2 0.188547197360342
6 -0.00277256723856766
3 -0.00753686761289705
5 0.0142477344100571
7 -0.0710642880240652
4 -0.0102793821634323
6 0.0407928224790241
1 1.30341363112475
7 -0.0108896849990477
1 1.38945038394931
2 0.241353653818174
5 0.00108935013499445
2 0.146958872555039
3 0.00597578811920944
7 0.0570011150415843
6 -0.00492042834028854
3 0.0313332800435821
1 1.2975291752825
4 0.0129516759968842
2 0.193165374870953
4 0.0280150790505292
3 0.02146670440383
7 -0.0284869265894456
5 0.000152763546428294
1 1.2748425462734
5 0.00697223299768501
4 0.0170960843816987
2 0.247736431968514
6 -9.86720935272896e-05
3 -0.0148008505965745
5 0.00244875570716199
6 0.0442889610388905
4 -0.00864927436555759
7 -0.00177068402442211
6 -0.00243100125833133
7 0.0554396930998407
5 -0.0196011943538074
1 1.51526511328798
1 1.05752060105533
2 0.265552271593242
2 0.232574244815001
6 -0.0365778479848494
3 0.0166710734260737
7 0.0469399674478084
3 -0.0165998371975863
1 1.22013716090502
4 0.0164372087346116
4 -0.0109173132271347
2 0.157309368779736
7 0.00989130598832627
1 1.37030115721293
3 0.0480391609965417
5 0.0281315540506974
5 -0.00570302976953013
2 0.704612725602408
4 0.0487299868377225
3 -0.101412005920583
6 0.00186192454805081
6 0.0427083065181061
5 0.0814951231980234
4 -0.108897712468301
6 0.0837314379991275
7 0.0114682485933883
5 -0.123715860961482
7 0.00481116531602173
1 1.15751376204709
1 1.43489496620777
2 0.283972281512427
6 -0.122240993671014
7 0.0842848716778025
2 0.191109167385099
3 0.0556878882800661
1 1.39785302179799
3 0.0289474487822749
2 0.186906891853055
4 0.0459522540308782
4 0.0215949269807001
3 -0.0266284845577884
7 -0.130524092059002
5 0.0596147176497362
1 1.4537934137056
5 0.0323572181353834
4 -0.0223766120784075
2 0.25603639732563
6 0.0836335548176372
3 0.0690916333348699
5 -0.0429085686380368
6 0.026920765350898
4 0.0745984091061409
7 0.0481769877375224
6 -0.0546546102285429
1 1.55017442218923
5 0.0964220421908103
7 -0.000104357670902589
2 0.233091377823608
1 1.22648669248176
7 -0.0289912349017102
3 0.0333302233106223
2 0.093521028545546
1 1.17158260050124
6 0.0850041541143209
2 0.215336202285454
3 -0.041958930199026
4 0.0194980857501133
3 0.0108340041954108
4 -0.0660665293659844
5 0.0657176474274508
7 0.0984764524409819
4 0.0230095397766234
1 1.15897488706533
5 -0.0429958555271897
6 0.0380576324007524
2 0.142371780138517
5 0.000779178560997123
3 -0.0593354473979793
6 -0.0702276981462369
6 -0.0123701083520746
7 0.0476326028579176
4 -0.0696599184661657
1 1.29905070530531
7 -0.0864673560900316
2 0.707556237402156
5 -0.0786410612261369
7 0.0491179951469613
1 1.05670275655487
3 0.00104338314280271
1 1.37664422826883
2 0.142326902122254
2 0.175275185769801
4 0.00544143081459658
6 -0.0599804294086687
3 -0.0856815133921643
3 -0.037025725254743
4 -0.0902196971670241
5 0.00697176384287974
7 -0.0691219553184623
4 -0.0373859979041079
1 1.57820567163858
5 -0.0803937816483823
6 -0.0180553675527507
2 0.316557642538809
5 -0.0735097073308313
3 0.0753059396536912
6 -0.0547780667999657
7 -0.0131506007892038
6 -0.0150019927325113
1 1.44488992084151
4 0.0822963583858443
7 -0.0539376497631826
2 0.259992131720761
5 0.0978555549041526
1 1.43034098497042
7 -0.0315395729204648
3 0.0860670430091045
1 1.10429724385745
2 0.221537091381519
6 0.105540924571137
4 0.0935028216538034
2 0.149276742245443
3 -0.0299447049579463
3 -0.0578509241930785
5 0.0949915770706687
7 0.0971415112086853
4 -0.0449236253680781
4 -0.0678629313847046
1 1.20505014467127
6 0.0822261424557232
2 0.687090639012117
5 -0.0305558937889309
5 -0.0434015481100428
3 -0.0297978555156207
7 0.109281266739041
6 -0.0445095001312041
4 -0.0310082245527607
1 1.51619237949038
6 -0.0666144316745501
2 0.219194033072507
5 -0.0222860190274048
3 -0.0196030236239518
7 -0.0773787957767349
7 -0.109713370303973
4 -0.0187874089148233
1 1.39982736971013
1 1.32668871343896
6 -0.0574700495224411
2 0.0595503433782881
2 0.304784017045523
5 -0.00927844047568007
3 -0.0771696209748337
3 0.0425385880858567
7 -0.0737128472109068
6 -0.0123572011184668
1 1.34286393833336
4 0.0570859162470465
4 -0.0851805231263354
2 0.14762710932608
3 -0.070857028679254
5 0.0403882494971267
5 -0.0702101469663093
7 -0.0351029440961799
4 -0.0654501658336991
6 0.0264553668520851
6 -0.0575333620299604
5 -0.0799377930935672
7 0.0440329515945784
7 -0.0712287104729918
6 -0.0603367739975041
7 -0.0479557081375535
