1 1.28076863970105
1 1.27527807076178
1 1.16732971177937
1 1.39308976005051
2 0.112062422460832
2 0.174619591967762
2 0.19865586773616
2 0.236865785434592
3 -0.0233478604065044
3 -0.100801670391268
3 0.0122138942188676
3 0.068870649401245
4 -0.10058724145209
4 0.0193753413131848
4 -0.0290411766092314
4 0.0872442252824112
5 -0.106111016870418
5 0.0817134412156959
5 0.0235513585609706
5 -0.00752157042432711
6 -0.110350555054593
6 0.0554142620190865
6 0.098764176356569
6 -0.0339345352496693
7 -0.119879560688161
7 0.0111719298091738
7 0.106170909230433
1 1.17639817230111
7 -0.0144299648793005
1 1.13213078212011
1 1.2364968538881
1 1.17812056308322
2 0.118043934924191
2 0.455466838492308
2 0.164053644887175
2 0.21140073763554
3 -0.0357282696721052
3 -0.134868379308562
3 -0.0339318962838018
3 0.00290119779236459
4 -0.124912508412394
4 -0.0311523489670065
4 -0.0582149940518351
4 -0.00466323851299827
5 -0.0454574679012776
5 -0.142512241482991
5 0.0105663571201502
5 -0.0453215092586957
6 -0.0097355287316727
6 -0.0205350346688714
6 -0.0414478235263299
6 -0.157527539626247
7 -0.0376935047787482
1 1.24565035802835
7 -0.0321470018961374
7 -0.12778434119506
7 -0.034404047485372
1 1.16361885101496
1 1.40892869252797
2 0.206379232732511
1 1.3712674000265
2 0.217689782246806
2 0.0893894859226073
3 -0.0414260206251475
2 0.291895911243321
3 -0.0408564825833658
3 -0.0753867570657505
3 0.0513235357013033
4 -0.0355784311121617
4 -0.0798052340875968
4 -0.0606319599505779
4 0.0509676449694744
5 -0.0722345289745792
5 -0.0457267457450565
5 -0.0234045418054702
5 0.0385843084362811
6 -0.069911485537186
6 -0.0534684160025452
6 -0.0381670937358743
6 0.0611617598791869
7 -0.0708774000938704
7 -0.106448968468918
1 1.19739223729486
1 1.42510488334788
2 0.264531418565579
7 -0.0702837380370911
7 0.0288218379062729
2 0.166561967090979
1 1.19100856314622
3 -0.0107658539817014
1 1.10657267265974
3 0.0138252437196088
2 0.016428102924788
2 0.065311527685375
4 -0.00952799523709242
4 0.0294466578659184
3 -0.133486255347309
3 -0.0572829770152902
5 -0.034194973859423
4 -0.117125153519961
4 -0.0745804954545318
5 0.0170125132628242
5 -0.0977047128856039
6 -0.0163320546725944
5 -0.0332569517641035
6 0.0320849741785371
6 -0.134358666924914
7 0.0158263808220124
6 -0.109147932344927
7 0.0505937828914246
1 1.05330016969963
1 1.2926767765823
7 -0.0793965875591981
2 0.104437597598153
1 1.4537934137056
2 0.286468134188285
7 -0.0701430502903645
3 -0.110183263465981
2 0.256036397325637
1 1.15757137460601
3 0.0625300413123249
3 0.0690916333348699
2 0.102099290885128
4 -0.100560536819536
4 0.0585666896184398
3 -0.088649021083673
4 0.0903235030276019
5 -0.100995655143362
5 0.0675175886268361
4 -0.0743936020678742
5 0.0888375545900409
6 -0.116335560912538
5 -0.058207541584163
6 0.102102325989014
6 0.123580273943146
6 -0.0720301661285231
7 -0.121012529765866
7 0.0683596813507655
7 0.0618394317058224
1 1.20150228513244
1 1.32668871343896
1 1.62270324463699
2 0.183804673630879
7 -0.102566189310237
2 0.304784017045523
2 0.205824375407417
3 -0.0182815323906977
1 1.34963819895581
3 0.0425385880858645
3 0.0202542246243241
2 0.281219408146793
4 -0.0233005148441784
4 0.0623449883508972
3 0.0421708235710125
4 0.024979880934056
5 -0.020014910627296
4 0.0418999581162855
5 0.0300834836419645
5 0.0179041191038619
6 -0.0310903662196582
5 0.0628334355844564
6 0.00042230972198046
7 -0.0062451970019379
6 0.0492805139968778
6 0.0340246752607262
1 1.53766637984387
2 0.153629892906648
7 0.0586787110301143
3 -0.0370641360896375
7 0.0563586733848609
7 0.0317242405903292
1 1.43489496620777
1 1.55017442218923
1 1.57839146690158
4 -0.0386908488406242
2 0.191109167385107
2 0.233091377823556
2 0.319735661006868
3 0.0306006818244115
3 0.0333302233106228
5 -0.0160040809149408
3 0.00160241366735263
4 0.0448325330788982
4 0.0286338414491032
4 0.0137597720165478
6 -0.0536055425568609
5 0.05871165238508
5 0.00606350605891131
5 0.0230501536244026
7 -0.00612462908309803
6 -0.00139268780574693
1 1.34619201217158
6 -0.013996908702427
6 0.0445581862980015
2 0.221789811044271
3 0.00160270700182302
7 0.0282022202021432
7 0.000668988162831037
7 0.0518464015076724
1 1.48817965901422
1 1.44549920409968
4 -0.0105416984976958
1 1.19555042039765
2 0.920035862094192
2 0.20749583427474
2 0.18985517515076
3 0.054556438588754
5 0.0106477566281725
3 0.0150965651441379
3 -0.0252285409220917
4 0.0573867515138769
4 -0.00306818770092326
4 -0.0354539217494321
6 -0.000760206424222001
5 0.0382277414451661
5 0.0103722740562818
5 -0.0218335392019583
6 0.0736603648841054
7 0.0075814057591327
6 -0.00950787831528348
6 -0.0124301066764421
1 1.48304307247991
2 0.277926224611923
7 0.0584755360428459
3 0.0196787718964038
1 1.20505014467127
7 -0.0352251156596321
7 -0.00576331126104488
1 1.19429507638053
2 0.701646169549513
1 1.28706861493443
2 0.144741067228179
3 -0.0297978555156219
4 0.0155908720087708
2 0.773016736096229
3 -0.0793107470850637
3 -0.0391569085366786
4 -0.0258338589637698
5 0.0183265281747791
4 -0.0435262342913188
4 -0.0588539541858029
5 -0.0383500302449956
5 -0.0775143093926522
6 0.0439877778602881
5 -0.0136141180390741
6 -0.0147980589761376
6 -0.00645436958475012
6 -0.0788353677157357
7 0.0309162584663477
1 1.38754628900376
7 -0.037371823145947
1 1.22648669248176
7 -0.0259696785382015
2 0.841992443718752
7 -0.0846849162144963
1 1.25860202292428
2 0.093521028545546
1 1.3793248782134
3 0.006083460098721
2 0.207162193620448
3 -0.041958930199026
2 0.730836812416217
4 -0.00284845226386154
3 -0.0330423229040319
3 0.0321428074488758
4 -0.0345462898549484
4 -0.0546162046688194
5 -0.0130875898003295
4 0.0406133891791451
5 -0.0599845255982633
5 -0.0498679657101583
5 0.0382877209397798
6 0.0223582492018412
6 -0.039694117747449
6 -0.0171408310445635
6 0.0488756762964933
7 -0.00190711383117138
7 -0.072684362164034
1 1.08897413182565
1 1.17698029870933
7 0.05288771602115
7 -0.0484844259401681
2 0.132075635461378
2 0.159929458314622
1 1.31302686838681
1 1.40475985964481
3 -0.0394376965769018
3 -0.0511832085670474
2 0.226178853302564
2 0.258393296001575
4 -0.0555587600875655
3 -0.0649152502427235
3 -0.0118572839470172
4 -0.0712457173178057
4 -0.0261268412471297
4 -0.0617655252543788
5 -0.026654249523248
5 -0.0789355106111997
5 -0.0192774551646811
5 -0.049662313788329
6 0.0113926675253373
6 -0.0479042805507338
6 -0.0102002472016093
6 -0.071263301585294
7 0.027411914758605
7 -0.0717792747996172
1 1.41338806638071
1 1.11450812675162
2 0.237606934615163
2 0.245089117149083
7 -0.05167074578809
7 0.0340372518447147
3 -0.020232037494875
3 -0.00133465737724292
1 1.29857644580223
1 1.3504375836106
2 0.303826528448442
2 0.211381789546906
4 -0.0099258149671422
4 -0.0280737422741322
3 0.0671592298670524
3 -0.00187303497988619
5 -0.0203571611290933
5 0.00748785037150872
4 -0.00185244063589668
4 0.0667567356293015
6 -0.0302582142534861
6 -0.0143267337471548
5 0.0587072904637581
5 0.0246547511317133
7 -0.0121464680654609
6 0.022831132326299
1 1.26063075597788
6 0.0862142386709474
7 0.0373962074424275
2 0.247094709327116
1 1.39785302179799
3 0.0343991905675593
2 0.186906891853055
7 0.039286322258047
7 0.0475337890348958
1 1.26362917330584
1 1.51299683942796
4 0.0422139274116384
3 -0.0234568867444163
2 0.140007498226137
2 0.356580892015457
4 -0.0368292886530372
5 0.0511274573645692
3 0.0273808233101695
3 0.0784167501292794
5 -0.0418040474536893
4 0.0146910150927842
4 0.0826085841729834
6 0.0441010952307327
5 0.0205669735398119
6 -0.0430830659180283
5 0.0799746178802672
7 0.0422108520517584
1 1.2053020587125
6 0.0348220825347076
7 -0.0417830745413547
6 0.103499092300175
2 0.04851776864823
1 1.05752060105533
3 -0.164663305684319
2 0.232574244815054
7 0.0177017184183358
7 0.0886347379221344
1 1.10404901917815
3 -0.0165998371975909
4 -0.154083832449011
1 1.24347758567832
2 0.104446272876488
2 0.126165324924174
5 -0.155977601102893
4 -0.00293666358441553
3 -0.0889768460114499
3 -0.110648543358712
4 -0.0822426867474929
5 -0.0401574460978805
6 -0.109488040400106
4 -0.107901257776808
6 0.00278939885698957
5 -0.116854826974269
5 -0.0947897935211094
7 -0.129640291392012
1 1.24967235929713
6 -0.101579269629142
6 -0.0558940845317713
2 0.265469776661306
7 0.013500509067045
3 0.0675818476671008
1 1.51526511328798
4 0.0726706796035219
7 -0.0955888847483273
7 -0.090387790275173
2 0.265552271593229
1 1.4011719200962
1 1.12896475112401
3 0.0166710734260678
5 0.0705505372411595
2 0.264860207111266
2 0.153191641823802
3 0.00172972496534798
3 -0.0149765741437843
4 0.0449280794135956
6 0.0688719636159472
4 -0.00777295004748079
5 0.0234439965730378
4 -0.0257683592491201
5 0.0146508133114666
5 -0.0173297067165393
6 0.00387707151205983
7 0.0512481128203164
6 -9.60817268542343e-05
1 1.28145993642319
2 0.827394221947118
6 0.00600342071879858
7 0.00691221717947199
7 0.0481224018007591
3 0.0724250388510405
1 1.28475629880904
1 1.21819785932266
2 0.185339359214698
2 0.213226326577738
4 0.0996016289473383
7 -0.00833478985930924
3 -0.0206663698182097
3 -0.0170574269679994
1 1.16624639230325
5 0.0598636453067786
2 0.170137330597857
4 -0.0134670589597893
4 -0.0256791272908293
3 -0.0363434433052337
6 0.0941101975891679
5 -0.0184937537554462
5 0.0171666529098537
4 -0.0278359295069037
6 -0.0191925061065889
6 -0.0442025823662147
5 -0.0299022437544202
7 0.0694937621309827
1 1.16287750912193
6 -0.0335307902689085
7 -0.029741552981026
2 0.199385485856323
7 0.00981864903221445
1 1.02949948129884
3 0.034022588939765
1 1.34286393833336
2 0.445164418830952
7 -0.053227677048379
2 0.14762710932608
4 0.0423095358914001
3 -0.0922522295149368
1 1.1144632440797
3 -0.0708570286792579
2 0.0750369219081719
4 -0.0816754245775619
5 -0.00691587283725217
4 -0.0699147089400048
3 -0.107845577519265
5 -0.0798424292918708
5 -0.0783377864541681
4 -0.108499351358531
6 0.0384123186482374
6 -0.0852641538489531
5 -0.13382716629316
6 -0.0729971857992585
7 0.02467853922856
7 -0.0758779530860619
1 1.38283580172863
1 1.29622642119431
6 -0.115605468476864
2 0.257850248049542
2 0.162643112701485
7 -0.0587979292903854
3 0.0081356153050655
1 1.07246027276198
3 -0.0280216512811998
7 -0.146028131078338
2 0.13564348553518
4 0.0142341075457082
1 1.43034098497042
4 -0.0345956861588325
3 -0.0373376406052579
2 0.221537091381519
5 0.0310836235080139
3 -0.0299447049579477
5 -0.0427980261150421
4 -0.0273954946051154
4 -0.0325725242732253
6 0.021982230290523
6 -0.0170247653585166
5 -0.0389811536432047
5 -0.0384082167428389
6 -0.0196021532544853
7 -0.0300837595054567
7 0.0122011239756032
1 1.06760357670326
1 1.06939714499911
6 -0.0606251683336199
2 0.0911880255710555
2 0.241948105672045
7 -0.0444427121949747
3 -0.14254211999808
3 -0.0829926117518187
1 1.37664422826883
2 0.175275185769824
7 -0.066917220383232
4 -0.0926555843956438
4 -0.150766748218
1 1.50302060102979
3 -0.0370257252547414
5 -0.093012688679872
2 0.134828299849391
5 -0.132069997384898
4 -0.0442789726650408
3 -0.0591503553677051
6 -0.109148170356486
5 -0.0222598626189512
4 -0.0656580621776364
6 -0.140408950743044
6 -0.0628753468798261
5 -0.061342090959509
7 -0.128331401346519
7 -0.0749769050707017
1 1.2748425462734
1 1.27619170608922
7 -0.0285860085232616
6 -0.06433890448793
2 0.247736431968514
2 0.272224863112354
1 1.29604283230077
3 -0.014800850596579
3 -0.00710389392488459
2 0.238073862781639
4 -0.00675743867451313
4 -0.00833712993375928
3 0.028407354330478
7 -0.0377509001578541
1 1.41506367488244
5 0.0117206067993472
4 0.0304215150385596
5 0.00231253554314496
2 0.240657072127156
3 0.0535044324532466
6 0.0225272881814434
5 0.0315056749330508
6 0.00735926852937612
4 0.0603483641261047
6 0.013343264110849
7 0.0100893348348007
5 0.0509001751800793
1 1.26797557717777
7 0.0152534991202047
2 0.710081220526855
1 1.20470016066303
7 0.0506756289314384
6 0.0743361871521029
3 -0.0248380601420578
1 1.3944361503855
2 0.0596909647845179
2 0.221225247194168
3 -0.124248659128112
4 -0.029033919848804
7 0.0440767851800919
3 0.0395506517299234
1 1.39292072287086
4 -0.118278303832927
2 0.259902366811387
4 0.0343085728587014
5 -0.0226966039319783
5 -0.11868164034048
3 0.0188340585327554
5 0.0474584658506696
6 -0.0126552247089195
4 0.0103836442445377
6 -0.113372101848335
6 0.0225502869902327
5 0.0250364770095201
7 -0.0152658008948655
7 -0.140163018130239
1 1.45179698133171
7 0.0794251846429235
1 1.39982736971013
2 0.304788128981117
6 0.0175991666403671
1 1.36599277137605
2 0.0595503433782881
3 0.0820364990598016
2 0.179347786587254
3 -0.0771696209748469
7 0.0214032786942252
3 -0.0164714371031271
4 0.0637251328586215
1 1.39472035067348
4 -0.0851805231263293
4 -0.00725828243024597
2 0.310716791578251
5 0.0812261088431416
3 0.0121837566678765
5 -0.0849698509905424
5 -0.0307524407465196
4 0.010390648728902
6 0.0952788685725134
6 -0.079298437641388
6 -0.0329073220483889
5 0.02160635035325
7 -0.0677063458314444
7 0.082484969247675
6 0.0413926054414267
7 -0.00531298774089938
1 1.10873544236069
1 1.22013716090502
1 1.17979525986112
2 0.241150211658065
2 0.157309368779736
2 0.0587069838075063
7 0.0401617455805004
3 0.0480391609965491
3 -0.0261285784489574
3 -0.111527173245735
1 1.31124851556822
4 -0.0105993155446161
4 0.0737680052720821
2 0.57150325541801
4 -0.111185613278559
3 -0.0478110963934333
5 -0.000343137897452905
5 0.0733066883017796
5 -0.121779814527474
4 -0.0329150520578394
6 -0.018235939303556
6 0.0743583038079186
6 -0.0881675916787639
5 -0.0575414753275788
7 -0.0347972508917476
7 0.0795323642339777
1 1.22224791677519
7 -0.136597222635861
6 -0.0591007541477496
1 1.32322462308393
1 1.25785325894988
2 0.149310891760768
2 0.122251606479578
2 0.162665543290294
3 -0.0527408896325122
3 -0.0832628443919408
3 -0.0333655042608148
7 -0.0746827905974397
4 -0.0682556429024265
4 -0.0853039859878811
4 -0.0322776913471266
1 0.996249422716934
2 0.131608653431912
5 -0.0329241520085383
5 -0.0671408235814828
5 -0.055320220940523
3 -0.0897223810830387
6 -0.0371981468247791
4 -0.099003138670816
6 -0.0563533672451421
6 -0.0208892354945475
5 -0.0619429013534593
7 -0.0977527382732801
7 -0.058593581461186
7 -0.00629588551708409
1 1.51619237949038
1 1.37791585487173
6 -0.0865076360847471
1 1.17193396971061
2 0.219194033072526
2 0.280484434743341
2 0.193492304758446
3 -0.0196030236239518
3 0.0912473709007779
7 -0.107914322974978
3 -0.0373081851737053
1 1.47663942722717
4 -0.0227313586324564
4 0.0928063814932433
4 -0.0280861646793611
2 0.336280876351126
3 0.0377520718878878
5 -0.00500256146415766
5 -0.0502439763781173
5 0.110140185299913
4 0.0330226696413215
6 -0.040298720778657
6 0.071366643176588
6 -0.0215432584413722
5 0.0366739711046057
7 0.00337814757517108
7 -0.00116690030318221
6 0.0577644739223743
7 0.0784854508073935
1 1.30818338432467
1 1.25399680554411
1 1.41693220469081
2 0.276794856043614
2 0.250420031159513
2 0.269958961449681
3 0.0660700134214624
3 -0.0369492050142795
7 0.0309162170375004
3 0.055440673833342
1 1.29580486555134
4 0.0417326855623703
4 -0.0453599896858673
2 0.249475241071494
4 0.0526912514968466
3 0.0533292571394595
5 0.073617777383514
5 -0.043856998631581
5 0.046984842070168
4 0.0651531746458432
6 0.0674218060758928
6 -0.0549742874537924
5 0.0547746594398976
7 0.0855196486152217
6 0.0374252775781869
1 1.40238255891832
7 -0.059615215083709
6 0.0356992990634111
1 1.29197383793773
2 0.221982236788974
7 0.0175555440640362
2 0.166915978464611
3 0.0434551560683541
1 1.21932098251135
3 -0.00873346496162215
7 0.0447956043681426
4 0.0383289352443672
1 1.6328238207661
2 0.194761188635258
4 -0.00965824453540823
2 0.133811313686816
3 -0.0361887926483917
5 0.0325485142986172
3 -0.0328035491606902
5 -0.00803900190943173
4 -0.0564006142620347
6 0.0210326539604267
4 -0.0304900411307212
5 -0.0586227838745038
6 0.0191686250969463
5 -0.0406410206277888
6 -0.0358769710797423
7 0.0130361076906528
1 1.34830614488886
6 -0.0227153778321908
2 0.257271637454323
7 -0.000474436303125343
7 -0.0671563937981867
1 1.0661725582091
3 0.0171043756536021
1 1.21447564051862
2 0.574302420578588
2 0.258805540375411
3 -0.159799015767513
7 -0.033517304139998
4 0.0163308164682692
3 0.00133420456530695
1 1.33814520810275
5 -0.000467749877495983
4 -0.159722471729849
4 -0.000501067830965634
2 0.150007557852214
3 -0.0404646535193241
5 -0.153999597807451
5 0.0105655540026064
6 0.0151287809424522
4 -0.0431885975821106
6 -0.0133993485745119
6 -0.15360513216431
5 -0.0394987989085222
7 -0.00375714265737229
1 1.16039430095456
7 -0.0222723430955079
6 -0.0154607379072583
2 0.130648222913312
7 -0.168630547953069
1 1.25658446684414
3 0.00266429292348001
1 1.27484089049799
2 0.273191156367162
2 0.186979162725274
4 -0.00420709951678659
3 0.0821853509854854
7 -0.0305901432847926
3 -0.0287933325228227
1 1.55950404380143
4 0.0899600386980909
5 0.0141663065497598
4 -0.0467264722362693
2 0.926731313704808
5 0.0977953364865896
3 0.0896963399293523
6 0.0135534609768518
5 -0.0272719018338631
4 0.0844258463158851
6 0.101532461932461
7 0.039743550297138
6 0.000659855399373471
5 0.0978884138550309
1 1.32949370328251
2 0.168870867636127
7 0.0748611834286457
1 1.17158260050124
6 0.108202729888938
3 -0.00311437014037215
7 -0.0273440978942834
1 1.27665053313452
2 0.215336202285454
4 0.000876230440134178
2 0.69175720707922
3 0.0108340041954186
7 0.0969253120297883
3 -0.00469504325613729
5 -0.004488298782588
1 1.51252746477514
4 0.00166244435858833
4 -0.0085175566877831
2 0.184039848440428
6 0.0153662235858997
5 0.0376037079693127
3 0.0661889298773016
5 -0.0300753152560665
4 0.0936847066815488
7 0.02531337526362
6 -0.00845091364434093
6 0.00589464056984836
1 1.09250872127633
5 0.0372828077455326
2 0.613687197327774
6 0.0754314048492399
7 0.0149351839861165
3 -0.0687692970521583
7 0.00739171025099231
1 1.58403749766545
1 1.37030115721293
2 0.344867193264833
7 0.085817692857181
2 0.102885565043747
4 -0.060256955126371
3 0.159530736968794
1 1.17325417095
3 -0.101412005920583
2 0.329535393314852
5 -0.0854018377540707
4 0.161157986436332
4 -0.105066186905781
3 0.111878309746355
5 0.143195431567061
4 0.135769941468011
6 -0.0744149864931668
5 -0.11025261932391
5 0.147683414953821
6 0.163422840223494
6 -0.141475979928745
7 -0.0862932259429164
1 1.29815192384875
6 0.121736248934395
7 0.146875469490911
2 0.113459381984085
7 -0.105902030489401
1 1.13675521192355
3 -0.0902591596195527
1 1.36993091431911
7 0.158225128973962
2 0.206059450329273
2 0.110173107422903
1 1.35541971005662
4 -0.0840009320638824
3 -0.0183628780807784
2 0.342697620899406
3 -0.0742670216215713
4 0.00776388147570209
3 0.164587505316375
5 -0.0710636890485432
4 -0.0833939099192771
4 0.161622176052456
5 -0.00490185549397017
6 -0.0651857426117467
5 -0.105170930962672
5 0.173449433613319
6 -0.00703757383125478
6 -0.0863565002923715
7 -0.0327426231680458
6 0.166550526871131
1 1.55073314855492
2 0.835038247179641
7 -0.0070518099348983
7 -0.129686063547554
1 1.10762939036721
7 0.152783130008882
3 0.0117101246143156
1 1.36633039271957
2 0.058692268389555
1 1.35505808078228
2 0.215705790792673
4 -0.00318429851582367
2 0.155464036363099
3 -0.139928054557397
3 -0.0286677977879482
3 -0.0562425156655376
5 -0.00391860368358031
4 -0.135523771756775
4 -0.0205178849268824
4 -0.0402511539023875
5 -0.132855828379291
6 0.0122631962583147
5 -0.0260196840408967
5 -0.0476468523067746
7 0.0216560301597488
6 -0.130319074893887
6 -0.0116526756002014
1 1.25905246413036
6 0.00706441087902755
2 0.219213705850344
7 -0.158122150225401
7 -8.34916058080274e-05
3 0.0193935484187487
1 1.11471011921502
7 -0.0492678040501249
1 1.52189275037773
1 1.15897488706533
2 0.224957412892431
2 0.839726118573047
4 0.039404234337011
3 -0.0311903777844447
2 0.142371780138517
3 0.0611187202894179
3 -0.0593354473979792
5 0.00542794105056624
4 -0.0252174593409647
4 0.0573404867576928
4 -0.0609063506083733
6 -0.00012367542653747
5 -0.02329973151545
5 0.0662584260422314
5 -0.0613393572706416
6 -0.0220947572846796
7 0.0408594912164757
6 0.101471370218569
6 -0.0647793659751676
1 1.10681067069445
2 0.148858409192424
7 -0.018516178073132
7 0.0775846248827991
7 -0.0510746707489618
3 -0.0624042390494656
1 1.2321760882758
1 1.39575742440212
1 1.18811213001857
2 0.189174996865162
2 0.285640124309052
2 0.14570378639841
4 -0.0442378479397247
3 0.0101702071058433
3 0.0552585954965054
3 0.0118675515623439
5 -0.0405444275594246
4 0.0642569655501174
4 -0.00825842363998963
4 0.042813089482885
6 -0.0502801177674703
5 0.0553841220373033
5 0.00314768741175392
5 0.0144865136516878
6 0.0369074831830417
6 -0.00587981561198775
6 0.0547205145113667
7 -0.0250765747535632
1 1.563616699975
7 0.0629016292369187
7 -0.000133361530795613
2 0.1641829601638
7 0.0406392900038329
1 1.25533743252738
1 1.30048643525498
1 1.13287555747001
3 -0.00595591221324818
2 0.269180583547928
2 0.221833519492966
2 0.18429799071245
3 0.0432335549401846
4 -0.0249621388230335
3 0.00422502328126532
3 -0.00488958390646488
4 0.0348882919159599
4 0.000990852165935353
5 -0.0231083302090104
4 -0.0128536052784815
5 0.0672668202394733
5 -0.00461895693791528
5 -0.0168067338039308
6 -0.0204654978268532
6 0.0736356266404805
6 -0.00125977802531316
6 -0.0218037133010028
7 -0.00881382052397155
1 1.06951147564139
7 0.0584689463466052
7 -0.0139227352261522
2 0.085471618306556
7 0.0298482040399339
1 1.2376320365298
1 1.10429724385745
1 1.44488992084151
3 -0.118086606664391
2 0.237469449294269
2 0.149276742245443
2 0.259992131720738
3 0.011997953346706
4 -0.112453478418747
3 -0.0578509241930876
3 0.0878115327850262
4 -0.0534155580917108
4 0.0165018031954058
4 0.0740756342198325
5 -0.115022273550198
5 -0.050658772993764
5 0.0886618526124568
5 0.0377984598618731
6 -0.115500189879253
6 -0.0600890742376728
6 0.0884406110836855
6 0.0107110401443434
7 -0.148245203336736
7 -0.0583119570095118
1 1.2975291752825
7 0.088912123076448
1 1.22602156937281
7 0.0560722220092968
1 1.57820567163858
2 0.19316537487096
1 1.3268550979222
2 0.228375070109884
2 0.316557642538809
3 0.02146670440383
2 0.65578683942604
3 0.029502703202391
3 0.07292777475577
3 -0.0354526048322223
4 0.00367523751855105
4 0.0271782597704644
4 0.0847039141477477
5 0.0300422930090705
4 -0.027817821584953
5 0.0732316329530901
5 0.001676156160638
6 0.0244022633930443
5 -0.0185093898477742
6 0.0673460440469749
6 0.0079485318041312
6 -0.0344749993794963
7 -0.00915542882509332
7 0.123803695492512
1 1.4635288983366
7 0.0333250031988658
1 1.38681251618729
2 0.252418249251392
7 -0.040914448343616
1 1.38945038394931
2 0.350642599629445
3 0.00856035046152533
1 1.31740038578061
2 0.14695887255503
3 0.0936976411801061
2 0.329399059604274
4 0.0191089882486358
3 0.0313332800435821
3 0.110438428221493
4 0.0959284465271146
4 0.0399143533551657
5 0.0161023465977336
4 0.108290052929406
5 0.113178864807616
5 0.0446097344881525
6 0.0427874912843917
5 0.0907688933693431
6 0.0958705984427216
6 0.0611645388751503
7 -0.0331765862297362
6 0.0981278069004435
1 1.43540161013625
7 0.0752178832847898
2 0.770745831707316
7 0.0143589905320778
1 1.48342423732257
7 0.117152088805732
1 1.23709537412599
3 -0.05452324436855
2 0.2953143808271
1 1.27042593764896
2 0.229097142970222
3 0.0955969490182011
4 -0.0609318006965916
2 0.301496029224264
3 -0.0257979665123567
4 0.103747725449963
3 0.0943435850883364
5 -0.0608136902151315
4 -0.0340758546455204
4 0.0975321406039556
5 0.0764429448361848
5 -0.0351545534739518
6 -0.0611472379626984
5 0.0781075459853866
6 -0.0302612817300016
6 0.0844869587601994
6 0.102282702680583
7 -0.0605351190244975
7 0.0849433269942662
1 1.1855122398021
7 0.0852983185023941
1 1.42889986016775
1 1.37094811776444
2 0.197663215979476
2 0.20832461226815
2 0.261041385186808
3 -0.0130106859441281
3 -0.0315080097095193
3 0.0586088191815504
4 -0.015819824665073
4 -0.0355612084091166
4 0.0991855442574599
5 -0.00135736787398469
5 -0.0323056387872631
5 0.10032097874609
6 -0.0460348499333151
6 -0.0195780952326974
6 0.0999749044127771
7 -0.0811497678581872
7 -0.0730938018742398
1 1.27446928372026
1 1.2789905438175
7 0.136670230754898
2 0.239078276136647
1 1.15751376204709
2 0.329719141151747
3 0.00679729623082628
2 0.283972281512436
3 0.0553472471738179
3 0.0556878882800661
4 0.0114638514742656
4 0.0602949534778875
4 0.0507780982127078
5 0.00610379291943596
5 0.0891333762441654
5 0.0582766346362268
6 0.00781187798076825
6 0.0443073324061343
6 0.0568974245961534
7 -0.0335910019574959
1 1.29905070530531
7 0.0448808642642036
2 0.218878905422389
7 0.0660953030654266
1 1.21317480894762
1 1.28162398172273
3 0.00104338314279889
2 0.135700858806569
2 0.111296668249499
3 -0.067441015204783
4 0.00629474685659208
3 -0.0693778780968234
4 -0.0744140445888886
5 -0.000849820779690987
4 -0.0798540765302017
5 -0.0567297166991966
6 0.0103130798099167
5 -0.0923005386209551
6 -0.0952790386232702
7 -0.0171306727249755
6 -0.0907814602730664
1 1.46171939504696
7 -0.106517968756835
2 0.297162215647874
1 1.20871968465898
3 0.0962293878286906
7 -0.0796175424122707
2 0.188166806668235
1 1.2643349829813
4 0.0932297044206957
3 -0.020483034309594
2 0.250747678812207
3 0.00600135732344618
5 0.116793971241642
4 -0.0234263614558117
4 0.020025377146601
6 0.0897119765979202
5 -0.0382052940372637
5 0.0134910755453708
6 -0.0232765931493123
7 0.105679831356142
1 1.26974122473454
6 0.0180803369404251
2 0.165756316686402
7 -0.00668437304379528
1 1.3182710564193
3 -0.0496094332928726
2 0.300494017411757
7 0.0410459462880243
4 -0.037929561229233
1 1.30341363112475
3 0.0371895091339874
2 0.241353653818174
4 0.0343391872519817
5 -0.0377839973875625
3 0.0051870439931168
5 0.0396163118359256
4 0.0051731970870842
6 -0.0627019587968379
5 0.00277697838238451
6 0.0689153836426464
6 0.0148780248245576
7 -0.0532984655516582
7 0.0373830726741633
1 1.25983052912689
1 1.15400408865496
2 0.0361456012818297
2 0.24558086089823
7 0.0162090634605176
3 -0.138464686535132
3 0.0103117622535959
1 1.63500350807611
2 0.320100610924495
4 -0.141426594352117
4 0.0163697131526886
3 0.111849547298767
5 -0.00601354106248185
5 -0.138827182928446
4 0.115634259037996
6 0.0238392579403926
5 0.127588853559455
6 -0.124492863209964
6 0.0900942016214494
7 -0.0365176631490567
7 -0.150932854086133
1 1.24879189276257
1 1.1669885740552
7 0.122707441625704
2 0.125629111639174
2 0.0367108971786644
1 1.15946222122717
3 -0.077627941958326
2 0.153498121598102
3 -0.134363856638373
4 -0.0598566062414096
3 -0.0397956698605953
4 -0.134906134219226
4 -0.022366694128948
5 -0.089526688217154
5 -0.162130504771135
5 -0.0160111649673856
6 -0.0799491177860665
6 -0.137331230762525
6 -0.0534526561512778
7 -0.111026151163804
7 -0.0618443363173161
1 1.20158156432831
1 1.18337539497707
7 -0.0134678140405078
2 0.126048795578929
2 0.222622212602401
1 1.4101420499208
3 -0.131661131068378
3 0.0523658751104095
2 0.114052305113835
3 -0.0344778909514602
4 -0.138216564613901
4 0.0555743732853355
4 -0.0281720943886354
5 0.0589391849910549
5 -0.145560247165058
5 -0.00608829656117335
6 0.0819312159592062
6 -0.129663901982674
6 -0.05249514919466
7 0.0641828067088573
7 -0.129139803053978
1 1.13605895912173
1 1.22894665247086
2 0.188547197360342
2 0.229127967414085
7 -0.0266440673142467
1 1.65849295878305
3 -0.00753686761290159
3 -0.0300183579880561
2 0.389870319515865
4 -0.0223419309929152
4 -0.0321174450801357
3 0.126018385762796
5 0.00241887100028018
5 -0.0415114963835702
4 0.11030884460331
6 0.00204394549386941
5 0.125426859286013
6 -0.0689352881986479
7 -0.0155109193623111
6 0.122622029626273
1 1.12630347575276
7 -0.0685896094922203
2 0.189725605962372
1 1.11734647635403
7 0.155070030811051
3 -0.00512076386645866
2 0.211499313374464
1 1.05670275655487
3 -0.0762134239641434
4 -0.00933305167363942
2 0.142326902122254
3 -0.0856815133921664
4 -0.085001143460264
5 -0.00901955541145633
4 -0.0717324818666687
5 -0.0729951826864907
6 -0.0206194805160398
5 -0.0700639699136747
6 -0.0703026027732462
6 -0.0843750725537526
7 -0.000627648553753049
7 -0.0969834513280364
7 -0.098728372030486
