"1" 1 1 19
"2" 2 2 34
"3" 3 3 28
"4" 4 4 26
"5" 5 5 32
"6" 6 6 21
"7" 7 7 15
"8" 8 8 17
"9" 9 9 19
"10" 10 10 16
"1" 1 1 31
"2" 2 2 28
"3" 3 3 29
"4" 4 4 19
"5" 5 5 39
"6" 6 6 22
"7" 7 7 16
"8" 8 8 18
"9" 9 9 16
"10" 10 10 20
"1" 1 1 18
"2" 2 2 28
"3" 3 3 28
"4" 4 4 23
"5" 5 5 29
"6" 6 6 17
"7" 7 7 23
"8" 8 8 17
"9" 9 9 22
"10" 10 10 14
"1" 1 1 23
"2" 2 2 26
"3" 3 3 34
"4" 4 4 25
"5" 5 5 27
"6" 6 6 18
"7" 7 7 17
"8" 8 8 13
"9" 9 9 19
"10" 10 10 19
"1" 1 1 17
"2" 2 2 21
"3" 3 3 24
"4" 4 4 29
"5" 5 5 43
"6" 6 6 17
"7" 7 7 17
"8" 8 8 25
"9" 9 9 22
"10" 10 10 21
"1" 1 1 29
"2" 2 2 28
"3" 3 3 25
"4" 4 4 30
"5" 5 5 47
"6" 6 6 17
"7" 7 7 13
"8" 8 8 20
"9" 9 9 12
"10" 10 10 21
"1" 1 1 25
"2" 2 2 41
"3" 3 3 24
"4" 4 4 35
"5" 5 5 44
"6" 6 6 18
"7" 7 7 23
"8" 8 8 17
"9" 9 9 19
"10" 10 10 30
"1" 1 1 23
"2" 2 2 35
"3" 3 3 25
"4" 4 4 32
"5" 5 5 39
"6" 6 6 22
"7" 7 7 23
"8" 8 8 19
"9" 9 9 17
"10" 10 10 19
"1" 1 1 23
"2" 2 2 25
"3" 3 3 24
"4" 4 4 20
"5" 5 5 49
"6" 6 6 16
"7" 7 7 19
"8" 8 8 13
"9" 9 9 15
"10" 10 10 22
"1" 1 1 32
"2" 2 2 24
"3" 3 3 30
"4" 4 4 35
"5" 5 5 41
"6" 6 6 17
"7" 7 7 12
"8" 8 8 19
"9" 9 9 22
"10" 10 10 15
"1" 1 1 16
"2" 2 2 25
"3" 3 3 24
"4" 4 4 24
"5" 5 5 29
"6" 6 6 17
"7" 7 7 22
"8" 8 8 22
"9" 9 9 18
"10" 10 10 14
"1" 1 1 25
"2" 2 2 30
"3" 3 3 26
"4" 4 4 24
"5" 5 5 36
"6" 6 6 20
"7" 7 7 17
"8" 8 8 27
"9" 9 9 18
"10" 10 10 17
"1" 1 1 22
"2" 2 2 29
"3" 3 3 37
"4" 4 4 29
"5" 5 5 40
"6" 6 6 14
"7" 7 7 25
"8" 8 8 19
"9" 9 9 23
"10" 10 10 19
"1" 1 1 29
"2" 2 2 19
"3" 3 3 32
"4" 4 4 26
"5" 5 5 40
"6" 6 6 24
"7" 7 7 15
"8" 8 8 14
"9" 9 9 16
"10" 10 10 13
"1" 1 1 26
"2" 2 2 18
"3" 3 3 31
"4" 4 4 29
"5" 5 5 40
"6" 6 6 20
"7" 7 7 19
"8" 8 8 21
"9" 9 9 12
"10" 10 10 24
"1" 1 1 31
"2" 2 2 31
"3" 3 3 33
"4" 4 4 19
"5" 5 5 34
"6" 6 6 17
"7" 7 7 23
"8" 8 8 15
"9" 9 9 15
"10" 10 10 19
"1" 1 1 26
"2" 2 2 26
"3" 3 3 19
"4" 4 4 27
"5" 5 5 42
"6" 6 6 19
"7" 7 7 21
"8" 8 8 16
"9" 9 9 17
"10" 10 10 20
"1" 1 1 15
"2" 2 2 23
"3" 3 3 34
"4" 4 4 30
"5" 5 5 35
"6" 6 6 14
"7" 7 7 18
"8" 8 8 20
"9" 9 9 15
"10" 10 10 17
"1" 1 1 25
"2" 2 2 20
"3" 3 3 35
"4" 4 4 32
"5" 5 5 39
"6" 6 6 16
"7" 7 7 26
"8" 8 8 13
"9" 9 9 25
"10" 10 10 16
"1" 1 1 26
"2" 2 2 20
"3" 3 3 25
"4" 4 4 36
"5" 5 5 33
"6" 6 6 21
"7" 7 7 22
"8" 8 8 27
"9" 9 9 12
"10" 10 10 14
"1" 1 1 25
"2" 2 2 32
"3" 3 3 27
"4" 4 4 19
"5" 5 5 39
"6" 6 6 25
"7" 7 7 13
"8" 8 8 15
"9" 9 9 18
"10" 10 10 18
"1" 1 1 33
"2" 2 2 29
"3" 3 3 32
"4" 4 4 34
"5" 5 5 28
"6" 6 6 18
"7" 7 7 21
"8" 8 8 13
"9" 9 9 24
"10" 10 10 17
"1" 1 1 30
"2" 2 2 17
"3" 3 3 35
"4" 4 4 25
"5" 5 5 41
"6" 6 6 16
"7" 7 7 17
"8" 8 8 12
"9" 9 9 17
"10" 10 10 16
"1" 1 1 20
"2" 2 2 24
"3" 3 3 23
"4" 4 4 26
"5" 5 5 38
"6" 6 6 34
"7" 7 7 19
"8" 8 8 26
"9" 9 9 18
"10" 10 10 14
"1" 1 1 29
"2" 2 2 21
"3" 3 3 22
"4" 4 4 22
"5" 5 5 34
"6" 6 6 11
"7" 7 7 13
"8" 8 8 25
"9" 9 9 21
"10" 10 10 27
"1" 1 1 27
"2" 2 2 28
"3" 3 3 31
"4" 4 4 27
"5" 5 5 24
"6" 6 6 17
"7" 7 7 17
"8" 8 8 20
"9" 9 9 12
"10" 10 10 22
"1" 1 1 26
"2" 2 2 23
"3" 3 3 30
"4" 4 4 27
"5" 5 5 49
"6" 6 6 24
"7" 7 7 12
"8" 8 8 15
"9" 9 9 15
"10" 10 10 8
"1" 1 1 24
"2" 2 2 34
"3" 3 3 23
"4" 4 4 34
"5" 5 5 29
"6" 6 6 15
"7" 7 7 21
"8" 8 8 17
"9" 9 9 10
"10" 10 10 20
"1" 1 1 31
"2" 2 2 23
"3" 3 3 35
"4" 4 4 18
"5" 5 5 34
"6" 6 6 18
"7" 7 7 21
"8" 8 8 13
"9" 9 9 20
"10" 10 10 18
"1" 1 1 32
"2" 2 2 29
"3" 3 3 32
"4" 4 4 36
"5" 5 5 38
"6" 6 6 18
"7" 7 7 14
"8" 8 8 17
"9" 9 9 18
"10" 10 10 18
"1" 1 1 24
"2" 2 2 29
"3" 3 3 23
"4" 4 4 37
"5" 5 5 32
"6" 6 6 18
"7" 7 7 17
"8" 8 8 14
"9" 9 9 23
"10" 10 10 18
"1" 1 1 24
"2" 2 2 26
"3" 3 3 33
"4" 4 4 33
"5" 5 5 36
"6" 6 6 23
"7" 7 7 21
"8" 8 8 18
"9" 9 9 16
"10" 10 10 14
"1" 1 1 23
"2" 2 2 26
"3" 3 3 29
"4" 4 4 26
"5" 5 5 47
"6" 6 6 19
"7" 7 7 28
"8" 8 8 15
"9" 9 9 14
"10" 10 10 20
"1" 1 1 18
"2" 2 2 19
"3" 3 3 39
"4" 4 4 31
"5" 5 5 35
"6" 6 6 19
"7" 7 7 18
"8" 8 8 18
"9" 9 9 23
"10" 10 10 14
"1" 1 1 20
"2" 2 2 24
"3" 3 3 33
"4" 4 4 40
"5" 5 5 35
"6" 6 6 20
"7" 7 7 16
"8" 8 8 20
"9" 9 9 16
"10" 10 10 20
"1" 1 1 35
"2" 2 2 26
"3" 3 3 18
"4" 4 4 28
"5" 5 5 40
"6" 6 6 20
"7" 7 7 22
"8" 8 8 18
"9" 9 9 18
"10" 10 10 16
"1" 1 1 18
"2" 2 2 25
"3" 3 3 37
"4" 4 4 26
"5" 5 5 33
"6" 6 6 25
"7" 7 7 18
"8" 8 8 17
"9" 9 9 20
"10" 10 10 23
"1" 1 1 25
"2" 2 2 24
"3" 3 3 24
"4" 4 4 23
"5" 5 5 33
"6" 6 6 13
"7" 7 7 26
"8" 8 8 22
"9" 9 9 24
"10" 10 10 16
"1" 1 1 24
"2" 2 2 22
"3" 3 3 30
"4" 4 4 38
"5" 5 5 36
"6" 6 6 11
"7" 7 7 17
"8" 8 8 15
"9" 9 9 23
"10" 10 10 22
"1" 1 1 20
"2" 2 2 23
"3" 3 3 27
"4" 4 4 36
"5" 5 5 38
"6" 6 6 19
"7" 7 7 17
"8" 8 8 18
"9" 9 9 29
"10" 10 10 13
"1" 1 1 19
"2" 2 2 28
"3" 3 3 30
"4" 4 4 29
"5" 5 5 40
"6" 6 6 20
"7" 7 7 24
"8" 8 8 12
"9" 9 9 24
"10" 10 10 20
"1" 1 1 29
"2" 2 2 26
"3" 3 3 29
"4" 4 4 22
"5" 5 5 46
"6" 6 6 18
"7" 7 7 26
"8" 8 8 20
"9" 9 9 18
"10" 10 10 12
"1" 1 1 21
"2" 2 2 23
"3" 3 3 41
"4" 4 4 25
"5" 5 5 31
"6" 6 6 21
"7" 7 7 17
"8" 8 8 18
"9" 9 9 19
"10" 10 10 21
"1" 1 1 22
"2" 2 2 33
"3" 3 3 35
"4" 4 4 28
"5" 5 5 40
"6" 6 6 19
"7" 7 7 18
"8" 8 8 20
"9" 9 9 15
"10" 10 10 16
"1" 1 1 31
"2" 2 2 20
"3" 3 3 35
"4" 4 4 29
"5" 5 5 33
"6" 6 6 17
"7" 7 7 18
"8" 8 8 22
"9" 9 9 20
"10" 10 10 17
"1" 1 1 28
"2" 2 2 26
"3" 3 3 34
"4" 4 4 28
"5" 5 5 40
"6" 6 6 13
"7" 7 7 14
"8" 8 8 14
"9" 9 9 17
"10" 10 10 24
"1" 1 1 24
"2" 2 2 19
"3" 3 3 35
"4" 4 4 21
"5" 5 5 41
"6" 6 6 22
"7" 7 7 19
"8" 8 8 18
"9" 9 9 20
"10" 10 10 21
"1" 1 1 27
"2" 2 2 23
"3" 3 3 29
"4" 4 4 25
"5" 5 5 36
"6" 6 6 21
"7" 7 7 19
"8" 8 8 20
"9" 9 9 18
"10" 10 10 21
"1" 1 1 36
"2" 2 2 28
"3" 3 3 24
"4" 4 4 31
"5" 5 5 39
"6" 6 6 20
"7" 7 7 17
"8" 8 8 19
"9" 9 9 14
"10" 10 10 16
"1" 1 1 17
"2" 2 2 32
"3" 3 3 31
"4" 4 4 28
"5" 5 5 33
"6" 6 6 22
"7" 7 7 20
"8" 8 8 18
"9" 9 9 25
"10" 10 10 12
"1" 1 1 24
"2" 2 2 29
"3" 3 3 38
"4" 4 4 23
"5" 5 5 31
"6" 6 6 20
"7" 7 7 19
"8" 8 8 14
"9" 9 9 15
"10" 10 10 20
"1" 1 1 18
"2" 2 2 27
"3" 3 3 27
"4" 4 4 26
"5" 5 5 43
"6" 6 6 20
"7" 7 7 17
"8" 8 8 16
"9" 9 9 17
"10" 10 10 20
"1" 1 1 24
"2" 2 2 25
"3" 3 3 36
"4" 4 4 39
"5" 5 5 31
"6" 6 6 26
"7" 7 7 20
"8" 8 8 13
"9" 9 9 22
"10" 10 10 17
"1" 1 1 27
"2" 2 2 14
"3" 3 3 36
"4" 4 4 31
"5" 5 5 32
"6" 6 6 23
"7" 7 7 16
"8" 8 8 20
"9" 9 9 18
"10" 10 10 19
"1" 1 1 26
"2" 2 2 17
"3" 3 3 33
"4" 4 4 26
"5" 5 5 45
"6" 6 6 25
"7" 7 7 25
"8" 8 8 12
"9" 9 9 16
"10" 10 10 19
"1" 1 1 24
"2" 2 2 27
"3" 3 3 32
"4" 4 4 26
"5" 5 5 35
"6" 6 6 20
"7" 7 7 24
"8" 8 8 22
"9" 9 9 13
"10" 10 10 22
"1" 1 1 25
"2" 2 2 27
"3" 3 3 25
"4" 4 4 26
"5" 5 5 33
"6" 6 6 16
"7" 7 7 25
"8" 8 8 32
"9" 9 9 19
"10" 10 10 14
"1" 1 1 33
"2" 2 2 25
"3" 3 3 28
"4" 4 4 26
"5" 5 5 44
"6" 6 6 13
"7" 7 7 19
"8" 8 8 12
"9" 9 9 21
"10" 10 10 20
"1" 1 1 23
"2" 2 2 33
"3" 3 3 33
"4" 4 4 19
"5" 5 5 42
"6" 6 6 23
"7" 7 7 9
"8" 8 8 11
"9" 9 9 20
"10" 10 10 21
"1" 1 1 29
"2" 2 2 24
"3" 3 3 31
"4" 4 4 33
"5" 5 5 35
"6" 6 6 15
"7" 7 7 22
"8" 8 8 23
"9" 9 9 19
"10" 10 10 20
"1" 1 1 35
"2" 2 2 30
"3" 3 3 34
"4" 4 4 30
"5" 5 5 32
"6" 6 6 23
"7" 7 7 18
"8" 8 8 22
"9" 9 9 14
"10" 10 10 17
"1" 1 1 26
"2" 2 2 29
"3" 3 3 29
"4" 4 4 29
"5" 5 5 34
"6" 6 6 28
"7" 7 7 15
"8" 8 8 20
"9" 9 9 15
"10" 10 10 15
"1" 1 1 24
"2" 2 2 22
"3" 3 3 40
"4" 4 4 32
"5" 5 5 44
"6" 6 6 26
"7" 7 7 12
"8" 8 8 15
"9" 9 9 17
"10" 10 10 21
"1" 1 1 25
"2" 2 2 20
"3" 3 3 27
"4" 4 4 30
"5" 5 5 25
"6" 6 6 18
"7" 7 7 20
"8" 8 8 20
"9" 9 9 20
"10" 10 10 16
"1" 1 1 19
"2" 2 2 23
"3" 3 3 26
"4" 4 4 33
"5" 5 5 32
"6" 6 6 19
"7" 7 7 17
"8" 8 8 17
"9" 9 9 22
"10" 10 10 21
"1" 1 1 25
"2" 2 2 29
"3" 3 3 31
"4" 4 4 36
"5" 5 5 44
"6" 6 6 19
"7" 7 7 23
"8" 8 8 14
"9" 9 9 24
"10" 10 10 25
"1" 1 1 44
"2" 2 2 25
"3" 3 3 32
"4" 4 4 26
"5" 5 5 34
"6" 6 6 16
"7" 7 7 21
"8" 8 8 22
"9" 9 9 15
"10" 10 10 20
"1" 1 1 20
"2" 2 2 25
"3" 3 3 26
"4" 4 4 33
"5" 5 5 32
"6" 6 6 15
"7" 7 7 19
"8" 8 8 9
"9" 9 9 17
"10" 10 10 15
"1" 1 1 24
"2" 2 2 29
"3" 3 3 25
"4" 4 4 26
"5" 5 5 32
"6" 6 6 22
"7" 7 7 19
"8" 8 8 17
"9" 9 9 10
"10" 10 10 20
"1" 1 1 29
"2" 2 2 24
"3" 3 3 22
"4" 4 4 29
"5" 5 5 32
"6" 6 6 22
"7" 7 7 17
"8" 8 8 14
"9" 9 9 17
"10" 10 10 21
"1" 1 1 29
"2" 2 2 23
"3" 3 3 29
"4" 4 4 26
"5" 5 5 37
"6" 6 6 11
"7" 7 7 16
"8" 8 8 18
"9" 9 9 21
"10" 10 10 16
"1" 1 1 22
"2" 2 2 23
"3" 3 3 31
"4" 4 4 30
"5" 5 5 41
"6" 6 6 20
"7" 7 7 21
"8" 8 8 20
"9" 9 9 23
"10" 10 10 17
"1" 1 1 31
"2" 2 2 17
"3" 3 3 29
"4" 4 4 23
"5" 5 5 39
"6" 6 6 18
"7" 7 7 16
"8" 8 8 18
"9" 9 9 14
"10" 10 10 25
"1" 1 1 23
"2" 2 2 21
"3" 3 3 30
"4" 4 4 30
"5" 5 5 39
"6" 6 6 14
"7" 7 7 11
"8" 8 8 25
"9" 9 9 20
"10" 10 10 21
"1" 1 1 36
"2" 2 2 22
"3" 3 3 28
"4" 4 4 30
"5" 5 5 34
"6" 6 6 14
"7" 7 7 18
"8" 8 8 27
"9" 9 9 14
"10" 10 10 25
"1" 1 1 24
"2" 2 2 26
"3" 3 3 30
"4" 4 4 28
"5" 5 5 26
"6" 6 6 23
"7" 7 7 24
"8" 8 8 18
"9" 9 9 19
"10" 10 10 20
"1" 1 1 30
"2" 2 2 29
"3" 3 3 28
"4" 4 4 25
"5" 5 5 41
"6" 6 6 21
"7" 7 7 12
"8" 8 8 20
"9" 9 9 28
"10" 10 10 13
"1" 1 1 27
"2" 2 2 23
"3" 3 3 39
"4" 4 4 23
"5" 5 5 38
"6" 6 6 20
"7" 7 7 13
"8" 8 8 18
"9" 9 9 18
"10" 10 10 12
"1" 1 1 25
"2" 2 2 25
"3" 3 3 29
"4" 4 4 36
"5" 5 5 40
"6" 6 6 19
"7" 7 7 19
"8" 8 8 24
"9" 9 9 23
"10" 10 10 17
"1" 1 1 21
"2" 2 2 28
"3" 3 3 29
"4" 4 4 25
"5" 5 5 34
"6" 6 6 22
"7" 7 7 20
"8" 8 8 15
"9" 9 9 12
"10" 10 10 19
"1" 1 1 21
"2" 2 2 31
"3" 3 3 33
"4" 4 4 35
"5" 5 5 40
"6" 6 6 25
"7" 7 7 22
"8" 8 8 13
"9" 9 9 18
"10" 10 10 10
"1" 1 1 30
"2" 2 2 29
"3" 3 3 30
"4" 4 4 28
"5" 5 5 36
"6" 6 6 19
"7" 7 7 27
"8" 8 8 18
"9" 9 9 18
"10" 10 10 17
"1" 1 1 23
"2" 2 2 22
"3" 3 3 28
"4" 4 4 26
"5" 5 5 27
"6" 6 6 11
"7" 7 7 22
"8" 8 8 12
"9" 9 9 22
"10" 10 10 20
"1" 1 1 18
"2" 2 2 25
"3" 3 3 27
"4" 4 4 25
"5" 5 5 40
"6" 6 6 19
"7" 7 7 27
"8" 8 8 21
"9" 9 9 20
"10" 10 10 13
"1" 1 1 31
"2" 2 2 28
"3" 3 3 41
"4" 4 4 24
"5" 5 5 43
"6" 6 6 29
"7" 7 7 15
"8" 8 8 16
"9" 9 9 25
"10" 10 10 21
"1" 1 1 34
"2" 2 2 23
"3" 3 3 26
"4" 4 4 26
"5" 5 5 47
"6" 6 6 20
"7" 7 7 22
"8" 8 8 25
"9" 9 9 23
"10" 10 10 21
"1" 1 1 21
"2" 2 2 29
"3" 3 3 27
"4" 4 4 34
"5" 5 5 48
"6" 6 6 24
"7" 7 7 20
"8" 8 8 19
"9" 9 9 20
"10" 10 10 24
"1" 1 1 20
"2" 2 2 19
"3" 3 3 27
"4" 4 4 31
"5" 5 5 32
"6" 6 6 14
"7" 7 7 13
"8" 8 8 26
"9" 9 9 29
"10" 10 10 27
"1" 1 1 26
"2" 2 2 23
"3" 3 3 32
"4" 4 4 24
"5" 5 5 40
"6" 6 6 13
"7" 7 7 25
"8" 8 8 13
"9" 9 9 19
"10" 10 10 16
"1" 1 1 29
"2" 2 2 27
"3" 3 3 34
"4" 4 4 30
"5" 5 5 45
"6" 6 6 10
"7" 7 7 15
"8" 8 8 21
"9" 9 9 21
"10" 10 10 20
"1" 1 1 32
"2" 2 2 29
"3" 3 3 44
"4" 4 4 19
"5" 5 5 31
"6" 6 6 16
"7" 7 7 15
"8" 8 8 22
"9" 9 9 15
"10" 10 10 14
"1" 1 1 23
"2" 2 2 21
"3" 3 3 30
"4" 4 4 40
"5" 5 5 40
"6" 6 6 18
"7" 7 7 17
"8" 8 8 20
"9" 9 9 19
"10" 10 10 15
"1" 1 1 22
"2" 2 2 27
"3" 3 3 27
"4" 4 4 32
"5" 5 5 41
"6" 6 6 21
"7" 7 7 22
"8" 8 8 20
"9" 9 9 11
"10" 10 10 23
"1" 1 1 36
"2" 2 2 26
"3" 3 3 27
"4" 4 4 33
"5" 5 5 37
"6" 6 6 12
"7" 7 7 17
"8" 8 8 16
"9" 9 9 15
"10" 10 10 13
"1" 1 1 23
"2" 2 2 34
"3" 3 3 32
"4" 4 4 30
"5" 5 5 35
"6" 6 6 19
"7" 7 7 19
"8" 8 8 16
"9" 9 9 17
"10" 10 10 13
"1" 1 1 27
"2" 2 2 25
"3" 3 3 31
"4" 4 4 23
"5" 5 5 32
"6" 6 6 24
"7" 7 7 12
"8" 8 8 22
"9" 9 9 23
"10" 10 10 26
"1" 1 1 33
"2" 2 2 15
"3" 3 3 35
"4" 4 4 30
"5" 5 5 54
"6" 6 6 21
"7" 7 7 28
"8" 8 8 16
"9" 9 9 20
"10" 10 10 20
"1" 1 1 35
"2" 2 2 17
"3" 3 3 24
"4" 4 4 23
"5" 5 5 38
"6" 6 6 23
"7" 7 7 20
"8" 8 8 17
"9" 9 9 18
"10" 10 10 12
"1" 1 1 26
"2" 2 2 25
"3" 3 3 28
"4" 4 4 17
"5" 5 5 40
"6" 6 6 15
"7" 7 7 20
"8" 8 8 24
"9" 9 9 19
"10" 10 10 17
"1" 1 1 17
"2" 2 2 23
"3" 3 3 27
"4" 4 4 35
"5" 5 5 29
"6" 6 6 17
"7" 7 7 21
"8" 8 8 26
"9" 9 9 18
"10" 10 10 19
