"1" 0.529400493982312 0.103264220536138 3.01069990179085e-07
"1" 0.701476540813713 0.102603608373571 8.62798710524475e-12
"1" 0.813564224432922 0.105515307426633 1.3878125527905e-14
"1" 0.566073670509539 0.103424928546173 4.53662051095163e-08
"1" 0.771742715809524 0.101573127694973 3.31113779313256e-14
"1" 0.658226835581577 0.1004845466858 6.04786786092779e-11
"1" 0.641625061831016 0.0927666353104402 4.94371924948482e-12
"1" 0.540567292433615 0.0977203998400474 3.25895971434737e-08
"1" 0.648699515992241 0.103199465524573 3.41161927293224e-10
"1" 0.388356546163728 0.0983042755995639 7.85658395797774e-05
"1" 0.747199989763005 0.105929138312625 1.87005528210444e-12
"1" 0.6730010993865 0.100218332169501 1.98987461500907e-11
"1" 0.653304151666311 0.0968081784041915 1.58682146587244e-11
"1" 0.416923935103935 0.102610933630857 4.88260061478033e-05
"1" 0.63846151276348 0.0991211524790336 1.24590555381095e-10
"1" 0.563780859253317 0.100629738931849 2.17476584245719e-08
"1" 0.673315541823111 0.10195997572078 4.2367296529512e-11
"1" 0.79827380552115 0.104679922703198 2.67074941734523e-14
"1" 0.471176803423491 0.0984797541985979 1.74139412417118e-06
"1" 0.555534910091123 0.101392243186694 4.39122444774797e-08
"1" 0.842594317490785 0.101753503388676 1.39946589246682e-16
"1" 0.627342573679639 0.0980019972711238 1.61738759947529e-10
"1" 0.567853040134423 0.10245550810861 3.06722244548509e-08
"1" 0.563553666027627 0.0999517409016917 1.76971931471378e-08
"1" 0.859592737725317 0.103284168080444 9.86459129748692e-17
"1" 0.652194180713615 0.101967994550539 1.67376982512631e-10
"1" 0.483630087582262 0.104108801515023 3.44191698014435e-06
"1" 0.663630796182557 0.102622425540633 1.05367839588173e-10
"1" 0.621925418047315 0.10302189076956 1.63396915191937e-09
"1" 0.415097579181352 0.0978446470348977 2.23344729805982e-05
"1" 0.559945113367724 0.101869975657879 3.97627377772007e-08
"1" 0.608399064038175 0.0983643489369537 6.47456626394546e-10
"1" 0.803003420955391 0.0980217659119828 2.91871387597458e-16
"1" 0.780024701845057 0.101594833064854 1.78769450928111e-14
"1" 0.601028090781305 0.098487999166529 1.08703580197691e-09
"1" 0.551762367100272 0.100166760343415 3.72017745193486e-08
"1" 0.495014655224602 0.100135461469539 7.81393177586513e-07
"1" 0.875051806913223 0.102978808477316 2.24859854616112e-17
"1" 0.761110322224446 0.100004304773863 2.99935642911661e-14
"1" 0.749636326670613 0.0988781014936516 3.75724841643797e-14
"1" 0.675252465885574 0.0977405085945661 5.22633661301777e-12
"1" 0.556321731542724 0.098280869682109 1.55539916608889e-08
"1" 0.608832695932946 0.100984405296559 1.71500314032702e-09
"1" 0.633255701209255 0.0983893446851912 1.28744072864631e-10
"1" 0.620181635254193 0.10048719402876 7.04590268499495e-10
"1" 0.557411049645249 0.0997664910479403 2.37548599674675e-08
"1" 0.797254815760592 0.0996113590342718 1.35785481397515e-15
"1" 0.706897132969351 0.101042650529238 2.82152142588003e-12
"1" 0.530375683475251 0.0989972524083713 8.64786109990479e-08
"1" 0.588459155152276 0.100284697396441 4.57005767447038e-09
"1" 0.805177156795372 0.103722368993474 9.21578405539025e-15
"1" 0.592369344098251 0.101545966949355 5.61499789002307e-09
"1" 0.832672730955396 0.0973252371699787 1.365738412423e-17
"1" 0.715627043705503 0.100706012003527 1.28461450180843e-12
"1" 0.526524358356062 0.0990549231168349 1.08928487800134e-07
"1" 0.706464267657147 0.100068822562543 1.7913340908067e-12
"1" 0.767299309248591 0.0987249519216177 8.56913660331256e-15
"1" 0.677117832931248 0.0996214415000642 1.13689101504414e-11
"1" 0.701146571253158 0.102338170783743 7.80062087068471e-12
"1" 0.565231277661646 0.0981484543408197 8.74240376430494e-09
"1" 0.577632343620166 0.0976002708735942 3.37095580799087e-09
"1" 0.533397881319876 0.0998607233516271 9.44766417876864e-08
"1" 0.682417224534323 0.0964012141631744 1.56170902254474e-12
"1" 0.764368558350268 0.104380269813647 2.63521557181046e-13
"1" 0.801021558834235 0.10229753033929 5.41863032322381e-15
"1" 0.635291893068901 0.0939430733112682 1.44066425068599e-11
"1" 0.648687952126687 0.097022099553391 2.43041581221471e-11
"1" 0.589674562402747 0.106159083718403 2.86127688681546e-08
"1" 0.798650656076115 0.105044112141838 3.18397600946494e-14
"1" 0.701957447401833 0.102907825397789 9.60943745317237e-12
"1" 0.541542113743591 0.104773107898266 2.40779150302328e-07
"1" 0.706488146562236 0.0989563494148147 1.01023682091885e-12
"1" 0.736980055746362 0.103022104319822 9.11406784404365e-13
"1" 0.706193252567388 0.100163968268941 1.91606543319315e-12
"1" 0.655726110624226 0.099168933538366 4.00179341156192e-11
"1" 0.611086192459312 0.100435573405268 1.21735204873311e-09
"1" 0.62336888066349 0.0986686182554162 2.77898853988562e-10
"1" 0.595079364396917 0.102678398802805 7.03856340001506e-09
"1" 0.512314720740401 0.0972481454945055 1.41021368192378e-07
"1" 0.519900514017681 0.10285190711578 4.39229336051969e-07
"1" 0.435064301133624 0.0983626637600609 9.84559000809503e-06
"1" 0.547636781150817 0.0983348178348726 2.63426429869572e-08
"1" 0.751811859460818 0.106517768159178 1.81319622145512e-12
"1" 0.668917624468543 0.100468151342427 2.93818423299177e-11
"1" 0.642788966535877 0.0934502540121717 6.45662095164681e-12
"1" 0.715707575148894 0.0935905788688543 2.2649920404153e-14
"1" 0.603182828335574 0.0953782685854345 2.66828622100919e-10
"1" 0.805023068386498 0.100870845259419 1.63326521760887e-15
"1" 0.567123661908165 0.102618560746186 3.35768837004794e-08
"1" 0.734705111411104 0.0968586504969949 3.64624970770003e-14
"1" 0.58419312315461 0.0998538580133625 5.0729457013496e-09
"1" 0.59087798180787 0.100287503176624 3.9565151829913e-09
"1" 0.525735770999215 0.0984896842463581 9.62806338181771e-08
"1" 0.725746974514557 0.102248314077662 1.36284452439548e-12
"1" 0.523062471378922 0.0993714922320883 1.44437848773485e-07
"1" 0.664606054696409 0.099800364421236 2.91148933785406e-11
"1" 0.508054802232153 0.0940279415874641 6.71243576995568e-08
"1" 0.48079480724497 0.103121181597961 3.1700771457705e-06
"1" 0.615394309569754 0.102816419606042 2.24162164278068e-09
"1" 0.591456624971886 0.101829430359871 6.52524138303288e-09
"1" 0.529400493982312 0.103264220536138 3.01069990179085e-07
"1" 0.701476540813713 0.102603608373571 8.62798710524475e-12
"1" 0.813564224432922 0.105515307426633 1.3878125527905e-14
"1" 0.566073670509539 0.103424928546173 4.53662051095163e-08
"1" 0.771742715809524 0.101573127694973 3.31113779313256e-14
"1" 0.658226835581577 0.1004845466858 6.04786786092779e-11
"1" 0.641625061831016 0.0927666353104402 4.94371924948482e-12
"1" 0.540567292433615 0.0977203998400474 3.25895971434737e-08
"1" 0.648699515992241 0.103199465524573 3.41161927293224e-10
"1" 0.388356546163728 0.0983042755995639 7.85658395797774e-05
"1" 0.747199989763005 0.105929138312625 1.87005528210444e-12
"1" 0.6730010993865 0.100218332169501 1.98987461500907e-11
"1" 0.653304151666311 0.0968081784041915 1.58682146587244e-11
"1" 0.416923935103935 0.102610933630857 4.88260061478033e-05
"1" 0.63846151276348 0.0991211524790336 1.24590555381095e-10
"1" 0.563780859253317 0.100629738931849 2.17476584245719e-08
"1" 0.673315541823111 0.10195997572078 4.2367296529512e-11
"1" 0.79827380552115 0.104679922703198 2.67074941734523e-14
"1" 0.471176803423491 0.0984797541985979 1.74139412417118e-06
"1" 0.555534910091123 0.101392243186694 4.39122444774797e-08
"1" 0.842594317490785 0.101753503388676 1.39946589246682e-16
"1" 0.627342573679639 0.0980019972711238 1.61738759947529e-10
"1" 0.567853040134423 0.10245550810861 3.06722244548509e-08
"1" 0.563553666027627 0.0999517409016917 1.76971931471378e-08
"1" 0.859592737725317 0.103284168080444 9.86459129748692e-17
"1" 0.652194180713615 0.101967994550539 1.67376982512631e-10
"1" 0.483630087582262 0.104108801515023 3.44191698014435e-06
"1" 0.663630796182557 0.102622425540633 1.05367839588173e-10
"1" 0.621925418047315 0.10302189076956 1.63396915191937e-09
"1" 0.415097579181352 0.0978446470348977 2.23344729805982e-05
"1" 0.559945113367724 0.101869975657879 3.97627377772007e-08
"1" 0.608399064038175 0.0983643489369537 6.47456626394546e-10
"1" 0.803003420955391 0.0980217659119828 2.91871387597458e-16
"1" 0.780024701845057 0.101594833064854 1.78769450928111e-14
"1" 0.601028090781305 0.098487999166529 1.08703580197691e-09
"1" 0.551762367100272 0.100166760343415 3.72017745193486e-08
"1" 0.495014655224602 0.100135461469539 7.81393177586513e-07
"1" 0.875051806913223 0.102978808477316 2.24859854616112e-17
"1" 0.761110322224446 0.100004304773863 2.99935642911661e-14
"1" 0.749636326670613 0.0988781014936516 3.75724841643797e-14
"1" 0.675252465885574 0.0977405085945661 5.22633661301777e-12
"1" 0.556321731542724 0.098280869682109 1.55539916608889e-08
"1" 0.608832695932946 0.100984405296559 1.71500314032702e-09
"1" 0.633255701209255 0.0983893446851912 1.28744072864631e-10
"1" 0.620181635254193 0.10048719402876 7.04590268499495e-10
"1" 0.557411049645249 0.0997664910479403 2.37548599674675e-08
"1" 0.797254815760592 0.0996113590342718 1.35785481397515e-15
"1" 0.706897132969351 0.101042650529238 2.82152142588003e-12
"1" 0.530375683475251 0.0989972524083713 8.64786109990479e-08
"1" 0.588459155152276 0.100284697396441 4.57005767447038e-09
"1" 0.805177156795372 0.103722368993474 9.21578405539025e-15
"1" 0.592369344098251 0.101545966949355 5.61499789002307e-09
"1" 0.832672730955396 0.0973252371699787 1.365738412423e-17
"1" 0.715627043705503 0.100706012003527 1.28461450180843e-12
"1" 0.526524358356062 0.0990549231168349 1.08928487800134e-07
"1" 0.706464267657147 0.100068822562543 1.7913340908067e-12
"1" 0.767299309248591 0.0987249519216177 8.56913660331256e-15
"1" 0.677117832931248 0.0996214415000642 1.13689101504414e-11
"1" 0.701146571253158 0.102338170783743 7.80062087068471e-12
"1" 0.565231277661646 0.0981484543408197 8.74240376430494e-09
"1" 0.577632343620166 0.0976002708735942 3.37095580799087e-09
"1" 0.533397881319876 0.0998607233516271 9.44766417876864e-08
"1" 0.682417224534323 0.0964012141631744 1.56170902254474e-12
"1" 0.764368558350268 0.104380269813647 2.63521557181046e-13
"1" 0.801021558834235 0.10229753033929 5.41863032322381e-15
"1" 0.635291893068901 0.0939430733112682 1.44066425068599e-11
"1" 0.648687952126687 0.097022099553391 2.43041581221471e-11
"1" 0.589674562402747 0.106159083718403 2.86127688681546e-08
"1" 0.798650656076115 0.105044112141838 3.18397600946494e-14
"1" 0.701957447401833 0.102907825397789 9.60943745317237e-12
"1" 0.541542113743591 0.104773107898266 2.40779150302328e-07
"1" 0.706488146562236 0.0989563494148147 1.01023682091885e-12
"1" 0.736980055746362 0.103022104319822 9.11406784404365e-13
"1" 0.706193252567388 0.100163968268941 1.91606543319315e-12
"1" 0.655726110624226 0.099168933538366 4.00179341156192e-11
"1" 0.611086192459312 0.100435573405268 1.21735204873311e-09
"1" 0.62336888066349 0.0986686182554162 2.77898853988562e-10
"1" 0.595079364396917 0.102678398802805 7.03856340001506e-09
"1" 0.512314720740401 0.0972481454945055 1.41021368192378e-07
"1" 0.519900514017681 0.10285190711578 4.39229336051969e-07
"1" 0.435064301133624 0.0983626637600609 9.84559000809503e-06
"1" 0.547636781150817 0.0983348178348726 2.63426429869572e-08
"1" 0.751811859460818 0.106517768159178 1.81319622145512e-12
"1" 0.668917624468543 0.100468151342427 2.93818423299177e-11
"1" 0.642788966535877 0.0934502540121717 6.45662095164681e-12
"1" 0.715707575148894 0.0935905788688543 2.2649920404153e-14
"1" 0.603182828335574 0.0953782685854345 2.66828622100919e-10
"1" 0.805023068386498 0.100870845259419 1.63326521760887e-15
"1" 0.567123661908165 0.102618560746186 3.35768837004794e-08
"1" 0.734705111411104 0.0968586504969949 3.64624970770003e-14
"1" 0.58419312315461 0.0998538580133625 5.0729457013496e-09
"1" 0.59087798180787 0.100287503176624 3.9565151829913e-09
"1" 0.525735770999215 0.0984896842463581 9.62806338181771e-08
"1" 0.725746974514557 0.102248314077662 1.36284452439548e-12
"1" 0.523062471378922 0.0993714922320883 1.44437848773485e-07
"1" 0.664606054696409 0.099800364421236 2.91148933785406e-11
"1" 0.508054802232153 0.0940279415874641 6.71243576995568e-08
"1" 0.48079480724497 0.103121181597961 3.1700771457705e-06
"1" 0.615394309569754 0.102816419606042 2.24162164278068e-09
"1" 0.591456624971886 0.101829430359871 6.52524138303288e-09
