"1" NA 0.0295926331891587 0.0156788841121757 0.0239657451004793 0.00387691044687448 0.0287563213411339 0.00479261428171677 0.00412774039939409 -0.000578601585114582 0.00409184192130491 0.0276873802832689 0.000510981049850411 0.0355004374165863 -0.0011900518754053 -0.00100909945743034 2.17591795132643e-05
"2" NA 0.308225623702059 0.0336765370584586 0.395051843051301 0.671138773604344 0.0252585191775694 0.0234122177096027 0.699893033884162 0.0324172590287812 0.0182060317177213 0.0242541411881519 0.0193016538980468 0.0311526113296291 0.992219902883649 -0.00761030831421419 0.556686760401148
"3" NA 0.56122562370206 0.165091690279269 0.691216111149057 0.996612987928716 0.285349239245108 0.152874189901239 0.996551982823635 0.995237681046188 -0.00070280953798882 0.284441705858364 0.149020230220152 -0.0036299973660228 0.992520639948495 0.970491881466806 0.99375546644162
"4" NA 0.570592633189159 0.991148645974348 0.410723092515263 0.706395756706736 0.0167015414413207 0.98099788149251 0.69397333110018 0.960149961747941 0.985992294409992 0.0156003188492327 0.976972852391114 0.00506565480789078 0.992520639948497 0.992389691685785 -0.00444858263593172
"5" NA 0.31004582939432 0.998796919835958 0.0549330144557919 0.0564227155960486 0.0340306556643131 0.990610937934555 0.035635174187351 0.859070521221901 0.988359064636094 0.0330908407433434 0.987184651804247 0.035500437416586 0.0191815579771169 0.0601773059913446 0.0547883302913838
"6" NA 0.311182530343028 1.00149802505902 0.0555219275934532 0.0403663577898785 0.0550727308013629 0.993835846102873 0.02180450807616 0.841526661572777 0.991326475032217 0.0541974789488393 0.989383143450693 0.0572395678513683 0.0179786097177422 0.0521799747021431 0.0395813539225989
"7" NA 0.0729165493172268 0.119275477486363 0.0460211914752625 0.0256250570261784 0.0475915468175808 0.108509632491145 0.0261363658288081 0.158362064599165 0.0860793348851417 0.0464580426912678 0.104142464549122 0.0528917417644105 0.0200837691716514 0.029584103266958 0.0150042416829919
"8" NA 0.0555569607017452 0.0391374918059862 0.0510399473244512 0.0260909403076191 0.0541568336437215 0.0300000835692053 0.0261704707090254 0.0180111874061822 0.029892340280945 0.0529587664489604 0.0262316585982717 0.0659352200252825 0.0212867174310272 0.0254261086669016 0.0116563691940784
"9" NA 0.0538303625991655 0.0402238083253518 0.0483299202241811 0.0212483252955124 0.054156833643721 0.0305375682639242 0.0211199656585201 0.0190571167483566 0.03016210486241 0.0529587664489606 0.0265980738726804 0.0528917417644116 0.0212867174310276 0.0108275685209162 0.0257408762363309
"10" NA 0.052650568291425 0.0434827578834501 0.0456198931239117 0.0115630952712995 0.0602918029688762 0.0321500223480829 0.0110189555575094 0.0190571167483566 0.0317806923512046 0.0590937357741154 0.027697319695906 0.061587393938327 0.00241879290272467 0.010827568520917 0.0210460405555811
"1" NA 0.00831499008421737 -0.00376197276564071 0.00766877799900301 0.0271684244787855 0.00706598127679714 -0.00419338828661012 0.000734480193285498 0.00210293600763199 0.0201795928089924 0.0448197385656022 0.0369678794215595 0.00105373228991202 0.0429493432159626 -0.000581805097471696 -0.00621443773132537
"2" NA 0.278966361691664 -0.0163599076830208 0.391258017112886 0.0258458023585771 0.661233998878014 -0.011335424188586 -0.0067843553120156 0.982832926347823 -0.0157209840954325 0.0490214192378719 -0.0149921746349628 0.982521547544646 0.0471510238882301 -0.00824724870297616 -0.0186990350254555
"3" NA 0.51552247137538 0.0850386937155798 0.682553469589278 0.254693284961115 0.978950902746967 0.0991447895658725 0.10357025857467 0.984725565123777 0.983737179378118 -0.0140037908461624 0.984338919756426 0.983632959940492 -0.0158741861958036 0.102058495816975 0.981497177286404
"4" NA 0.542966361691664 0.863370894367223 0.408620749064745 0.0328880934200501 0.687253260630964 0.976121572343313 0.981049440823206 0.560597176060212 0.578196314841102 0.0574247805824078 0.983670014147811 0.55993858553255 0.0555543852327676 0.979733155532448 -0.0177179734661565
"5" NA 0.270314990084217 0.903683204920278 0.0111291129875582 0.041089704797601 0.0266495288387579 0.977097545471385 0.981523014480184 0.0368576777753366 0.0289176835547762 0.049021419237872 0.0224852698786573 0.0358952769887411 0.0471510238882293 0.980011251722486 0.0368565205301001
"6" NA 0.283626212020961 0.932117925915183 0.0185025869498634 0.0633758982980989 0.0405588042433069 0.977341538753404 0.981641407894426 0.0296543775850045 0.0745045651262707 0.0700298225992164 0.0829575493629954 0.0287787797295313 0.0681594272495746 0.980080775769995 0.0600598043116228
"7" NA 0.0592860623502564 0.13398974266663 0.0246397629747585 0.0580341213911796 0.0163187088147335 0.138270875024011 0.142821943900583 0.0301801105783267 0.00419346176515811 0.0826348646160237 0.000828246125166187 0.0290875053950426 0.0807644692663815 0.141359050509623 0.00528909800350748
"8" NA 0.0386346907428093 0.0202508586870056 0.0417960843714437 0.061271847896156 0.028260308571006 0.030995689297514 0.036049157645184 0.0282608060617794 0.0450049205689224 0.0700298225992154 0.038840815125677 0.0265171788950834 0.0681594272495741 0.0347817417211606 0.0499297547598104
"9" NA 0.0275309500972286 0.00230564818161025 0.0333927230269044 0.0612718478961578 0.0186909305805762 0.00319264089738574 0.00837170911283008 0.0142747920757659 0.0359959115599133 0.0784331839437542 0.0388408151256771 0.0125311649090668 0.0765627885941128 0.0071531625555407 0.0277075325375879
"10" NA 0.0252571346162955 0.0195305133277696 0.0235888014582767 0.0460279454571322 0.0115138970877541 0.0245856332415916 0.0288855023826153 0.0107782885792624 0.0179778935418961 0.0658281419269472 0.0236892999741626 0.00903466141256336 0.0639577465773058 0.0273248702581852 0.00548531031536614
"1" NA 0.0110500490183049 0.00575811735150566 -0.0167233147345639 0.00404975984213122 0.0310163305761213 -0.00629950676428434 0.00943982428238296 0.0334702310058423 -0.0108755289650891 -0.00239300889496239 0.00628076899034429 0.0337924777339952 -0.00404979015734589 0.0399038496882774 0.00552528850321885
"2" NA 0.271546449974124 0.349408437772613 -0.0013888011523659 0.662304599200269 0.0258849997268302 0.00700886382347042 -0.0176790031899341 0.042203855459992 0.00196669718298724 0.981632994054421 0.549727405377899 0.0132453165557503 0.0104169930578922 0.0486374741424263 0.461781348622794
"3" NA 0.537181347345622 0.665857355376527 0.113235704776491 0.982137046700902 0.341232407188126 0.121633369752324 0.981167833775509 -0.0145647034919745 0.116591203111843 0.977249326847743 0.983803476910357 0.989435792746224 -0.00755722022920822 -0.00813108480953932 0.986223817919635
"4" NA 0.52691875069099 0.358029342683121 0.982800922167802 0.695694775416306 0.00628378398233933 0.991198587143636 0.486783463507414 0.0116361698704716 0.986156420503145 0.553061565482992 0.987999119827386 0.966713723147131 0.992235174876078 0.0180697885529068 -0.0116652415542426
"5" NA 0.284042850929943 0.0346556023459692 0.977689417640403 0.0353623505094398 0.0562672638347367 0.986762463614374 0.0221682740689722 0.0553042921412137 0.981875678453785 0.0463231043785578 0.0193733037580735 0.847666104099509 0.987274510541177 0.0617379108236494 0.0540264197285167
"6" NA 0.270298249496215 0.0174137925249565 0.973736848470441 0.0274174669142727 0.0301523528013988 0.98280989444442 0.0246538898499396 0.0291034187787683 0.977923109283829 0.0204755164377013 0.0108134825851403 0.940729290916753 0.982936660890451 0.0355370374612043 0.0207967817187513
"7" NA 0.0570284547532197 0.0253550327583181 0.109283135606531 0.0216516539814553 0.0484838697833282 0.117680800582366 0.0266307407663196 0.0509374799141397 0.112638633941877 0.0142052568660916 0.0274275189143545 0.0619518183852235 0.124053356694255 0.0573710985965747 0.0265336918645645
"8" NA 0.038889958337541 0.0331000141928628 0.0160561739825602 0.0314643124300677 0.0493478475580523 0.0258046009546903 0.016373354625209 0.0596711043682887 0.0210731972739894 0.0306474554495347 0.0250857647250682 0.0619518183852214 0.0186774825699276 0.0661047230507234 0.0370479937352239
"9" NA 0.046889958337541 0.0478255831352984 0.00419846647267933 0.0365533709542426 0.0747715763716082 0.0139468934448115 0.0481193863712408 0.0815051655036592 0.0092154897641097 0.0231286584570547 0.0435359492269136 0.0132453165557484 0.018885087464646 0.0879387841860969 0.0370479937352242
"10" NA 0.0307658580985864 0.0237291975931301 0.0115241371338821 0.0136526075954624 0.0493478475580489 0.021610254605087 0.0282781165299712 0.0465706676870652 0.0169565416643336 0.00433166597585108 0.00663558022322368 0.0132453165557491 0.0277683916608369 0.0530042863694993 0.0370479937352238
"1" NA 0.0194895745392903 0.017778457757294 0.00947551268137106 0.0310124130740691 0.0101658710769325 0.0101066819017228 0.00926099401385737 0.0332138122980463 0.0123360031851162 0.0117397649466345 0.0432404763962821 0.0163028865351907 0.0107889355770895 0.00864271251708886 0.0107547077371026
"2" NA 0.29035098858662 0.380427808969185 0.00928219417874872 0.0204840696228279 0.709573880824139 0.0120756522877713 0.000134894233326558 0.0225528938412099 1.00247275721983 0.0136602600129013 0.0306354343794755 0.504058858151262 0.00150677315030583 1.00410727597249 0.0131170407748776
"3" NA 0.551935230728609 0.680429060166933 0.157304062469822 0.333911458520965 1.00039020735475 0.155599223005649 0.958118087510633 0.340416058030906 1.00247275721983 0.157199989170707 0.00962703101813128 1.00377061593297 0.992811120976393 1.00243153239287 0.156509490608846
"4" NA 0.535272199296564 0.371662947068289 1.00256159517386 0.0197764580178882 0.699136103181582 1.00447235828162 0.997966678925344 0.00757278665702093 0.578515711396686 1.00606504522672 0.0264337537072077 0.00232940484151366 0.999747242391696 1.00117472470814 1.00544818632678
"5" NA 0.277658058823268 0.0308296239278459 0.991102838828871 0.0347648839780299 0.0307882432974767 0.998504820731172 0.0253449782669367 0.0370429390659486 0.03453748429219 1.00004903235649 0.0432404763962818 0.0268675906102378 0.027593729672046 0.0392796772432963 0.999874011428042
"6" NA 0.288736848113323 0.0414040086069395 1.00433840417639 0.0471587340534015 0.0412260209400351 1.00547200007272 0.0366392933554569 0.0495727364528886 0.0445160917200711 1.00708892467772 0.0432404763962815 0.0547644249967294 0.0386354228574409 0.0430501002974661 1.00625114679202
"7" NA 0.0567069497820149 0.03075997859511 0.118962910105241 0.0460008390342059 0.0182668372665665 0.120551365152096 0.0359165549194571 0.0484389504619604 0.0124513646477069 0.122168289757085 0.0600471990853584 0.0143353200080165 0.0380489126045671 0.0182053798005712 0.121330511871384
"8" NA 0.040201496930081 0.0405278138954712 0.0256847405261049 0.0502250510081285 0.0293472417748336 0.0279486681607882 0.0395302470994388 0.0527581391893119 0.026645841671871 0.0295332758859192 0.0642488797576267 0.0217794886827236 0.0409814638689237 0.0331413554184657 0.0289900566478925
"9" NA 0.0306471531193997 0.0324956853814156 0.0114579543461768 0.0502250510081292 0.0140411193258537 0.0147110505345587 0.0143201630658274 0.0527581391893117 0.0158544747653962 0.0162633413798323 0.0600471990853578 0.0260529929562277 0.0148945073471879 0.0145078150457951 0.0160146807894823
"10" NA 0.0340629109774105 0.0284796211243875 0.0369501783684724 0.0389890959519497 0.0165921397340178 0.039520216135186 0.00591680172128064 0.0413621277933 0.0230487193697121 0.0410967446403489 0.0558455184130891 0.0175059844092196 0.00619885517326916 0.0207189951700182 0.0406271650642415
"1" NA 0.0195622248062268 0.0150789495689452 0.00275651349726865 0.025288675984413 0.00692600955273312 0.0148994305256826 0.00341561686944737 0.0312745897168403 0.00323725781061673 0.0167056714460739 0.0368509066367273 0.00377055843536404 0.0081746794912855 0.0073386129215699 0.0192416326244241
"2" NA 0.298316481617284 0.378395243252935 0.0296227438393421 0.0545865169866999 0.0323497805734526 0.671063131620672 0.543791929556942 0.0731155939009404 0.0281349333506043 0.495489408176602 0.0803291675062922 0.00534676235489092 0.000719396214378892 0.0322885649239656 1.00025850084258
"3" NA 0.545376964103134 0.67697609283584 0.121784784535872 0.322249930019556 0.12619469047823 0.998428127795601 0.994942925969503 0.00198588678796967 0.122593621316237 0.998712729446483 0.00641612402803149 1.00337650745548 0.935808829660568 0.126686263683455 0.999605670114717
"4" NA 0.556316481617285 0.399083648963537 0.995775668631213 0.0347681200944145 0.999464344912894 0.72667887914724 0.995802638247215 0.0438268909720704 0.995600228010534 0.000412615086502742 0.0107639501149888 0.00574081333477283 1.00040697008033 0.999719008608954 0.594194913659999
"5" NA 0.294131220914193 0.0472988056635112 1.00025337368823 0.0617051206964128 1.00370164008302 0.0444967155805677 0.0549964694208629 0.0772996943193507 0.999749840600529 0.0110269598072675 0.08467699359325 0.0202123725338547 0.0448262436077178 1.00387733394269 0.0443817895177059
"6" NA 0.283885477725251 0.0341013900744463 0.999266091064238 0.0631579455581288 1.00319517723281 0.0170870942464807 0.016492293419627 0.0772996943193486 0.999418742910572 0.013482350176193 0.08467699359325 0.0233647803729082 0.015005110500092 1.00352881076525 0.0190784249424589
"7" NA 0.063286240374359 0.0369136296983064 0.112829374421848 0.0579884691669851 0.11772010013799 0.0243298391783151 0.0176385764565794 0.0605632926457102 0.114294396136241 0.0333640539980352 0.0672856892454235 0.0425649513305722 0.0230852460450957 0.11836961301599 0.0246050527276642
"8" NA 0.0521955166455812 0.0509030547800179 0.0286354612153567 0.0615720244549876 0.0318433177232516 0.0444225143743083 0.0299893993574507 0.07729969431935 0.0278038356606496 0.03904276563684 0.0846769935932488 0.0171141282230731 0.0324150861262964 0.0319400417465401 0.0484619815668531
"9" NA 0.0444412598345237 0.0415572603874953 0.02517997203141 0.0672863101692742 0.0300706977475523 0.0218661233968658 0.0161962959091759 0.0814837947377605 0.0266449937458031 0.0208609474550207 0.0846769935932489 0.0261231372320808 0.0252722289834395 0.0307202106255512 0.022342578581777
"10" NA 0.0363032676185902 0.0348816929642639 0.0131928475472685 0.0701434530264167 0.0161602941682711 0.00682852941190432 0.00240319246090002 0.0898519955745811 0.012033129525548 0.00722458381865688 0.0977204718541203 0.0171141282230722 0.0109865146977244 0.0161780483551733 0.00368586216386667
"1" NA 0.0295054314374095 0.0295577687875148 0.0328472762466225 0.0559345782184419 0.0310671471797181 0.0164461838073073 0.0179338367838995 0.0562176188124197 0.0137617208593875 0.0308277242857171 0.0380030309975755 0.0279897773840832 0.0122339930428597 0.00511129556969704 0.0326633620555777
"2" NA 0.290977087879608 0.380124559754854 0.02773313663052 0.0473875696714337 0.0265437162495635 0.530614976535071 0.550595756070851 0.0476706102654121 0.501242511980086 0.0262797040724379 0.0104455207894677 0.0233920115546119 1.00523981593257 1.00236059515545 0.00668335948338351
"3" NA 0.551977087879608 0.697692217269119 0.119931640701519 0.0131995354833994 0.118446865977589 1.00815344142491 1.00806541573127 0.0134825760773768 1.00768064907235 0.118195148442026 0.342579171699143 0.115332328732297 1.00523981593257 0.932995049037566 0.927723224460861
"4" NA 0.577082756591167 0.431815281992983 1.01349199545706 0.0644815867654504 1.01141651204719 0.598313265538045 1.00759978062097 0.0647646273594289 0.00801608289588738 1.01118938379475 0.00948577485054243 1.00837630970121 1.00617338698225 0.00442362046613703 1.00515316852446
"5" NA 0.295082756591168 0.0553132793227578 1.01349199545707 0.0773020995859641 1.01141651204719 0.0449152072856168 0.0365065911134011 0.0775851401799419 0.0564157492954071 1.01118938379475 0.065800477690414 1.00837630970121 0.033675704136236 0.0682989706732577 0.0331734257085511
"6" NA 0.294928106283651 0.056070686648901 1.01176808345421 0.0730285953124599 1.00851118267243 0.0473827069495745 0.047539099941792 0.0733116359064371 0.0466016424860884 1.00833323298624 0.0590900751259342 1.00561965012509 0.0481308438816529 0.0600580743482481 0.0397959422648401
"7" NA 0.0833017995339357 0.0739759161161309 0.117077652827581 0.094396116679981 0.115002169417703 0.0612676387738141 0.0564462228617325 0.0946791572739569 0.0679070252224081 0.114775041165262 0.0849719394449252 0.11196196707173 0.0318161677992039 0.0621210996589316 0.0825914235204239
"8" NA 0.05567549278422 0.0596490701203138 0.0516375191006385 0.0901226124064753 0.0504480987196824 0.0400696762645907 0.038804738752839 0.0904056530004552 0.0418190430298177 0.0501840865425584 0.0768258274760594 0.047296394024731 0.0411442725336988 0.0277821641517687 0.0372539349323301
"9" NA 0.0537811614957803 0.062319297089605 0.0362663020561006 0.0730285953124594 0.03478152733217 0.0517201617014852 0.0585415808581023 0.0733116359064374 0.0418190430298173 0.0345298097966076 0.0705952978810432 0.0316669900868758 0.0411442725336997 0.0188535927231973 0.0703665177137868
"10" NA 0.042203836342022 0.0476330487584979 0.0345423900532458 0.0644815867654514 0.0318761979574193 0.0342444335461435 0.0256468440159975 0.0647646273594292 0.0465583795227074 0.0316736589881011 0.0612495034885188 0.0289103305107639 0.0290230604124878 0.0367107355803386 0.0173863852634575
"1" NA 0.0171345740757355 -0.00403294498445409 0.0431282221601916 0.00522843658545886 0.0573189398490706 0.0154820236837114 0.0766027395775571 0.0142941170225875 0.00198197709504965 0.0099438336514774 0.0813948457075435 0.00947579511236335 0.00639038343117506 0.0150318369939705 0.0174264203232101
"2" NA 0.288544671004279 0.551802851682214 -0.000617416613841536 0.681020068583719 0.0189638182284276 0.00991175311816138 0.0323549519669387 0.0090490812315362 0.559374038829894 0.541279879232399 0.0389420155188638 -0.0146949730785226 0.98295821704356 -0.0147003349762059 0.0119971164189347
"3" NA 0.526300070531748 0.958846695457026 0.0493505465155515 0.98075952603736 0.287132604445343 0.106851834179036 -0.0118928356436813 0.106205985475411 0.980927212554463 0.982678913259059 -0.00822779580189067 0.988642461779027 0.983824146087683 0.882827670379431 0.109031175253994
"4" NA 0.543746075257065 0.548296540049353 0.541018517518842 0.693999947606363 0.0324742193521755 0.9684232001543 0.0500540670111855 0.96723529349317 0.981861553990558 -0.0160310098039458 -0.00822779580189063 -0.0113575382209695 0.572744395230664 0.984390746594501 0.970367596793796
"5" NA 0.276134574075734 0.0252831145254731 0.557009556965628 0.0325583624931538 0.0564485071488321 0.986931908666156 0.0589036245333093 0.985960825188026 0.0293075233336245 0.0420539253945968 0.0672439023113175 0.0484725138929885 0.0380946824027654 0.0230329540048231 0.988970283079838
"6" NA 0.284379174548267 0.0362904840100561 0.562115563932344 0.039153611908973 0.0721940656344488 0.988031043291554 0.0721779608164947 0.986843136630428 0.0392743007422645 0.0507122065464051 0.0813948457075438 0.069973334197831 0.0376617178807026 0.043855090534857 0.98997543993105
"7" NA 0.0655805788010523 0.0396860182960844 0.0960924876149516 0.0419696571814943 0.0659828855102259 0.129482297536139 0.0633284032943712 0.128240185079265 0.0381944610526802 0.0565894394467011 0.0625269211792418 0.0699733341978318 0.0406924695351281 0.0594028653419141 0.131403199732092
"8" NA 0.043904283290103 0.0402779577680059 0.0490140372422345 0.0422559865382493 0.0641829444984698 0.0423834367631682 0.0633284032943714 0.041303941693545 0.0234518482438087 0.0734470919853972 0.0672439023113168 0.0635615893602286 0.0635605269377613 0.00448311354801396 0.0443748222897594
"9" NA 0.0405373825813053 0.00795856613302648 0.0778849539581249 0.0115231260181555 0.0890276649953659 0.0494022230490212 0.116425748427114 0.0484853453666485 0.0101628116989578 0.0138140644624613 0.128564657028298 0.0218949226935591 0.00950647288371157 0.018667510711133 0.0514640919062486
"10" NA 0.0310265835263687 0.0136619881862562 0.0513453913045888 0.0209793907935671 0.0455494041258003 0.0505013576744202 0.0589036245333092 0.0493676568090476 0.0168073299713834 0.0184012204257638 0.067243902311317 0.0114782560268943 0.0297767431539795 0.00448311354801303 0.0524692487574617
"1" NA 0.0142555036725266 0.0185193077189224 0.0247712257830603 0.023728189004167 0.0112521968950406 0.033367779976001 0.022246767745274 0.031936143606481 0.0152149371738525 0.00227690791574345 0.096386782078036 0.0138766160798719 0.0278272267525185 0.019063753997251 0.00684982691655638
"2" NA 0.278343031249987 0.377672542853541 0.00847944452595292 0.00772579572610702 0.509388507684646 0.0776155675866194 0.00624245678118869 0.0761839312171006 0.502721980564182 0.514989031962987 0.215434401125655 0.992067879648869 0.0117948940425646 0.000990494609001962 0.00105807142020821
"3" NA 0.53606020840844 0.689590186548618 0.107448391137391 0.106405354358498 0.990778968190671 -0.00203045011249615 0.104923933099604 -0.0034620864820135 0.988204339267689 0.990766588833456 0.00114868683994143 0.992108679338819 0.110504392106848 0.929085035484687 0.442382113831643
"4" NA 0.556299267461257 0.414976396252775 0.993818912551976 0.992486487794038 0.571672444907261 0.0554916737813094 0.99100698422117 0.0540600374117899 0.991310335995674 -0.00863893641880155 0.0249582106494649 0.567511513818431 0.996615464974283 1.00053345341705 -0.000171077657720692
"5" NA 0.278582090302805 0.0423667621038013 0.99436266231302 0.992740849576036 0.0458027232757397 0.0377925587370616 0.991263263689193 0.0363609223675435 0.0381165493236186 0.0528024557918994 0.0368629725542269 0.0393620249398845 0.996899766188174 0.0578830571621866 0.0530437630158895
"6" NA 0.281418796987666 0.0470842377503901 0.992187663268847 0.991723402448044 0.0394771210043927 0.064341231303434 0.990238145817104 0.0629095949339143 0.037821963902645 0.0382121135333019 0.179720115411369 0.0473338651505044 0.995762561332609 0.0366799721935477 0.0190012098244006
"7" NA 0.0740922103573878 0.0787965021896128 0.0838263438932956 0.0827833071144041 0.0698142262188697 0.0953146826308658 0.0813018858555097 0.0938830462613473 0.0727746545306237 0.0622321132570961 0.263053448744703 0.0723231777277658 0.0868823448627549 0.0565813963496038 0.0445331247180173
"8" NA 0.0505585666232416 0.0591111114970108 0.0511120218323704 0.0486220451582462 0.0497192058785935 0.0687660100644962 0.0471502123294804 0.0673343736949772 0.0527627767006081 0.0420761993936202 0.191624877316132 0.060137769115438 0.0528707800660685 0.0358353525729164 0.0287409972002007
"9" NA 0.0371999780440154 0.0470467683334764 0.0337327410531777 0.0321109283161964 0.0343345904939747 0.0643412313034333 0.0306333424293506 0.0629095949339143 0.0261847036109073 0.0420761993936205 0.167815353506608 0.0378329364016829 0.0362698449283317 0.029506238648866 0.0287409972002026
"10" NA 0.0374390370968329 0.045706285759745 0.0387572484492796 0.0365566597542022 0.0266422828016673 0.0776155675866197 0.0350829092394107 0.0761839312171017 0.0228624444746937 0.0283775692566347 0.215434401125655 0.0303979921637635 0.0407754552301301 0.0295062386488649 0.0159750397533932
