"1" 0.661397513468959 0.100408969040052 4.7385800157305e-11
"1" 0.572292548658123 0.101046256518235 1.52729038789422e-08
"1" 0.712700822650403 0.0987017194581957 5.59039562002773e-13
"1" 0.745230943134562 0.0996879921491919 8.4031736954754e-14
"1" 0.767047270697085 0.102759239509375 9.13974136831488e-14
"1" 0.607258205461536 0.0996955024634715 1.16717129867544e-09
"1" 0.729596190221109 0.0983784089866335 1.31436085199278e-13
"1" 0.784206302385315 0.0973591876233286 8.9783441258524e-16
"1" 0.76956880012361 0.101651011490997 4.07870355671677e-14
"1" 0.730866980880892 0.0995746831879458 2.32355934276184e-13
"1" 0.632257754957378 0.0986242541009552 1.52067117082429e-10
"1" 0.676764023925766 0.104055667160184 8.24544072861617e-11
"1" 0.741114800383487 0.100080767945745 1.42791640276017e-13
"1" 0.68963336131038 0.104491721678904 4.34735504004082e-11
"1" 0.817492229733799 0.100435580968258 4.49928089744764e-16
"1" 0.617271915968725 0.0984514547431371 3.78130069958761e-10
"1" 0.814976134212477 0.102923838872576 2.69506389530743e-15
"1" 0.541782964166039 0.0991682394488054 4.7992311684587e-08
"1" 0.771222631335867 0.0992888599455108 8.88577980570233e-15
"1" 0.686658169365474 0.102221053302433 1.96241822037312e-11
"1" 0.468122017219484 0.102941965354392 5.50140680517323e-06
"1" 0.457527999561167 0.10185138500577 7.1400217656497e-06
"1" 0.623392495241881 0.0994029783861996 3.7438533953792e-10
"1" 0.620476924065494 0.0999717001602447 5.65636345536783e-10
"1" 0.526870664697633 0.098367891170093 8.71269412615266e-08
"1" 0.732993319878244 0.0996738490613339 2.09342492214538e-13
"1" 0.680926605740763 0.105588867231344 1.18509140651987e-10
"1" 0.719946487781943 0.0976330755748616 1.80249693286513e-13
"1" 0.667698681507286 0.0989747878419943 1.6119330545818e-11
"1" 0.780043795114516 0.102257424817797 2.62217946848157e-14
"1" 0.485574781039311 0.0979874807124908 7.34693214312932e-07
"1" 0.725973257818712 0.105215819380536 5.55775975144186e-12
"1" 0.680499374928042 0.0978823095844474 3.84648551454209e-12
"1" 0.527361347784316 0.0990715044665292 1.04509786517087e-07
"1" 0.779253253059531 0.0999084044969635 6.89926909985911e-15
"1" 0.505300821495358 0.0980395345029557 2.60337709934288e-07
"1" 0.641709705607995 0.0978257075932128 5.68806294782462e-11
"1" 0.573061456980834 0.0983242960816651 5.79311056461626e-09
"1" 0.550608480106607 0.101662864137222 6.25118881648445e-08
"1" 0.766944340876038 0.100636950814842 2.77455996143884e-14
"1" 0.630882085873692 0.0945489272792335 2.66252918999723e-11
"1" 0.628292809638267 0.101682110800417 6.73148583131455e-10
"1" 0.997737957576836 0.103705829629583 8.31443872658796e-22
"1" 0.662635652231389 0.0982707754590835 1.64757541077944e-11
"1" 0.631458035011232 0.102694010140472 8.1331775662194e-10
"1" 0.552931744109151 0.102847857913855 7.7977238480918e-08
"1" 0.637216026792143 0.100231037005627 2.15080667757607e-10
"1" 0.682927569810111 0.102485395122411 2.82788203441336e-11
"1" 0.271084447247437 0.103014342586077 0.00851486424827789
"1" 0.717882082922426 0.0982671710989353 2.99990812030777e-13
"1" 0.648929694780579 0.09668588828157 2.03960202783481e-11
"1" 0.771157601244885 0.0996170597537058 1.09119627867935e-14
"1" 0.821268409607644 0.100772311086153 4.13560119152607e-16
"1" 0.787098170307019 0.0960207565903922 2.79903544311618e-16
"1" 0.646919063736651 0.0966129858017621 2.27058051538704e-11
"1" 0.681336419256136 0.0986372084566954 5.2677320083601e-12
"1" 0.79262790686634 0.0963516699539012 2.19795210884734e-16
"1" 0.636048794453008 0.106237512506147 2.21875406961421e-09
"1" 0.583746588629637 0.0998713589883938 5.2426591519479e-09
"1" 0.558080933257353 0.100691664600742 3.06654930449408e-08
"1" 0.754511380813502 0.100078127079229 5.18644508234302e-14
"1" 0.668899634819323 0.0994727916333281 1.8700029083707e-11
"1" 0.601808017965601 0.0969796420486656 5.69290622932221e-10
"1" 0.700233677657146 0.0968002706335687 5.08138770575432e-13
"1" 0.412650622264003 0.0986824506467285 2.92210486290235e-05
"1" 0.669342205682954 0.100821135165113 3.34307501529369e-11
"1" 0.52186983175098 0.100772869975174 2.28309194433055e-07
"1" 0.682748466208482 0.100752352472491 1.30860518308644e-11
"1" 0.677830999423634 0.0982626358852747 5.62402280426688e-12
"1" 0.525291962719517 0.0960074613222372 4.58575174755255e-08
"1" 0.730161052554392 0.106100459481666 6.30593100151744e-12
"1" 0.634359021446793 0.0968180390536376 5.9858364612671e-11
"1" 0.609502097018241 0.106182472684661 9.7667847609897e-09
"1" 0.882898927706333 0.1019541936671 5.54590636482229e-18
"1" 0.426194623255628 0.109867834743057 0.000105566652708806
"1" 0.850135129927171 0.098140109766002 5.41700221638099e-18
"1" 0.471828833816193 0.102023112701945 3.80334255500008e-06
"1" 0.492614975567463 0.100134247716714 8.82841653300756e-07
"1" 0.450258692125938 0.0985211188498951 4.9381998796316e-06
"1" 0.433445346480961 0.10211838324445 2.21244910593162e-05
"1" 0.585155377666986 0.0983946747503936 2.83252080022468e-09
"1" 0.705395562299081 0.10136894281875 3.67471186056964e-12
"1" 0.564361360852419 0.0990455741297265 1.25043060086469e-08
"1" 0.763947561790175 0.106212410699161 6.86365796859935e-13
"1" 0.910082318982865 0.0980003591972093 1.96716826670152e-20
"1" 0.561814563539492 0.0947664775204821 3.17153839754308e-09
"1" 0.62842807482418 0.100419437639717 4.0767873932126e-10
"1" 0.57772145265451 0.100670819525018 9.8487370108688e-09
"1" 0.560122233630542 0.0981522660828825 1.18862372653852e-08
"1" 0.702818763908171 0.0997934673820444 2.02353276998262e-12
"1" 0.771616699145701 0.104775333712586 1.93498815613162e-13
"1" 0.668489136600063 0.102812298570841 8.34594464113218e-11
"1" 0.725798601144368 0.0973118378296096 9.56491006584548e-14
"1" 0.455381854977195 0.0996076796414943 4.90118621797822e-06
"1" 0.835136365379246 0.101031159776534 1.58056933526252e-16
"1" 0.488098693023213 0.100681221157027 1.26826861438579e-06
"1" 0.725907769636465 0.0972052758955118 8.91671918650435e-14
"1" 0.547961221478566 0.0963566644529482 1.33487922363151e-08
"1" 0.747335516045565 0.0962428310282199 9.05173212207214e-15
"1" 0.535667266656227 0.0978541297532321 4.51472284389267e-08
