"1" NA -0.002855547740221 -0.00538225199089933 -0.0190422407474756 -0.000177368201215696 0.0108809767469303 -0.0145176737588209 -0.0137827765220129 -0.189075054041864 0.000386047494978987 0.21525280753752 -0.144254148827759 -0.0180148930259321 0.158223079340763 0.00711235387659534 -0.00611320395710881
"2" NA 0.106107775361428 0.0447520911477699 0.620793592050135 0.640810659112566 -0.00368056725668557 0.260716502914202 0.258974441527153 0.631789591047221 0.641377418422465 -0.646696965214216 0.506383804470424 0.251589160577548 -0.465671191020918 -0.0949964302921565 0.634877708147971
"3" NA 0.197008886168623 0.0631652623366559 1.36136261205471 1.38388889084296 -0.0619719467785106 0.544911329929873 0.546023571047075 -0.0579281897717099 1.38445648605625 -0.0644421102386454 0.248408374702983 0.538494320184298 0.0744420927111987 -0.545121022976814 1.37795666107615
"4" NA 0.333622150232294 0.133330048579412 2.12333984532004 2.14778484972602 -0.0481942681311379 0.814161690203806 0.816913307395387 0.118514043077656 2.14835829626329 -0.216653023431823 0.296187079468708 0.811441906602678 -0.46217530036347 -0.0124305508685491 2.14185766834399
"5" NA 0.444445739065094 0.154236542550858 3.05451536798847 3.08559776438836 -0.0963171399420376 1.07391927563004 1.07629420854153 -0.0798861485075255 3.08618124176669 -0.111458054967597 0.116247100979063 1.06853454568848 -0.36919936511215 -0.0579107723623386 3.07967923738014
"6" NA 0.5841798590208 0.194068447721253 4.09237139688764 4.11928619709213 -0.133841856571304 1.38551114263288 1.38664136806995 0.125956185299082 4.11986215133966 -0.395224510393458 0.302700319428557 1.38470397142798 0.00473107625117548 -0.752481377853767 4.1133611793036
"7" NA 0.755977457795666 0.258798196556768 5.2467039574912 5.27934760694666 -0.150545340378256 1.73379071666548 1.73468281961089 -0.0850235552818702 5.27993108432494 -0.213900814864726 -0.0800347570532221 1.73363374859648 -0.362513438486518 -0.0215091213364089 5.27342907993848
"8" NA 0.96734245027129 0.344458779941658 6.54616560882443 6.57223318566518 -0.158631796435419 2.14433635884713 2.14683925292075 0.115105204868301 6.5728041244922 -0.434073455870407 0.263950518147326 2.1461047016387 0.0122669873575485 -0.791796206889321 6.56630384068972
"9" NA 1.14113393006245 0.372178054672886 8.0411452398727 8.06913117843752 -0.207004085613081 2.4376113669096 2.44167450280495 -0.011391786188564 8.06970629678161 -0.403545437391989 0.183853485378235 2.44110370715924 -0.959205389250179 0.12827364084373 8.06320543945115
"10" NA 1.40062983436876 0.476490641716556 9.69973950090635 9.72976345182847 -0.190402014805778 2.84739867346348 2.85198303798298 -0.334713799963617 9.73033857017284 -0.0412813107774649 -0.252098552457817 2.85642715024537 -0.371433855961248 0.048680982420401 9.72383771284223
"1" NA -0.00443391115809017 -0.00277880296238582 0.00302232176141653 -0.0110513097113888 0.00745684040617763 -0.00786409814748374 -0.0233993921730074 0.547229868570837 -0.569361771781217 -0.00196118899159123 -0.0184948085113518 -0.584789675629512 0.208525935501937 0.33393021077433 0.000513200892192448
"2" NA 0.10421618176961 0.0481432557882584 0.586701930031676 0.251494408088805 0.583442811260892 -0.0182265310486491 0.240894780400184 0.0167484762072792 -0.0693903515485077 0.573994239540519 0.242321825884323 -0.445580091148841 -0.11009188226957 0.499236983505717 0.576465478001363
"3" NA 0.194143745240305 0.0726800911139645 1.29631200138261 0.491195894346597 1.29978481535042 -0.0557196995845036 0.485092412727558 0.00106112915480251 -0.129888595349149 1.29036296816233 0.486955115122483 -0.2759158558583 -0.213007375066332 0.315853786586255 1.29283696411825
"4" NA 0.322168842771399 0.113248278296784 2.20031859398573 0.790715613626126 2.19994458924574 -0.0895983816584445 0.784489511701157 -0.0775585418728905 -0.118658483236218 2.19050747089636 0.787014918506346 -0.38158376474648 -0.0823001077538668 0.18278387910942 2.19297989114081
"5" NA 0.442287652353159 0.164170670018403 2.99885865462188 1.11519656649898 3.0052165826205 -0.116783285447143 1.10993170063712 -0.112721237647714 -0.137358783244523 2.99580618880338 1.11465028671136 0.0506008316813625 -0.234292133623274 -0.183856569440586 2.99828136654286
"6" NA 0.585972371124173 0.212138871939388 4.03515797961893 1.40994094031663 4.04680528334083 -0.139751907629331 1.40251929573179 0.0657681122067096 -0.355717319763677 4.03741588737048 1.40538971956071 -0.573076748303052 -0.123282962193077 0.271996965458917 4.03989323171326
"7" NA 0.794661813641027 0.30104013205703 5.28409669031521 1.7259348354441 5.2933397323447 -0.117145350484938 1.7224793904195 0.238890536302552 -0.482071856916895 5.28394079189855 1.72605201836705 -0.559074283067508 0.746412503288916 -0.594739549856978 5.28641715142161
"8" NA 0.96009167838767 0.341833791743165 6.58238309866954 2.08226672567021 6.59114528836053 -0.166905495877103 2.08037170193768 0.222498146870652 -0.564077768953134 6.58174443901924 2.08258516756624 -0.486700266689324 0.210064412502857 -0.253175866217408 6.58422060157838
"9" NA 1.17611214794176 0.417531299789642 8.06131022179001 2.47249871736917 8.07247667317339 -0.182229561229777 2.47017120365623 -0.0361591426695291 -0.338995286122405 8.06308536830781 2.47361754637404 -0.321821540060147 -0.0128463668067238 -0.232164495877589 8.06556251568673
"10" NA 1.39852645828525 0.471940007179253 9.7623828645326 2.83154345507543 9.76681738317712 -0.215713470129614 2.83146671113947 -0.235425417396734 -0.209737384793455 9.75739935377952 2.83196133637711 -0.283824761641854 -0.49840537322436 0.141784340991165 9.75987374366316
"1" NA -0.0246624423277803 0.0058746275801331 -0.0208749077125804 -0.00214690573145125 -0.0162938808305448 0.0201082163532366 -0.0587004652034517 0.0233112663002454 0.0191483115557777 -0.0016709988617966 0.000884502800978884 0.271364370073781 0.0229637597420244 -0.0930412465195333 -0.210479394629962
"2" NA 0.082615748835057 0.638262511210135 0.0280577620650083 0.254190716214911 -0.0268199506532837 0.651228735930799 0.102111534981944 -0.155763569019571 0.650266165114388 0.251400173979897 0.257061854655307 0.248128698645614 0.654080211442392 0.0342251580252761 -0.350645685623265
"3" NA 0.18640574007655 1.35084922809907 0.062395740529875 0.507799631239159 -0.0561989369967337 1.3655052715563 -0.659725364738691 0.54189901838906 1.36454625543181 0.511154507838985 0.513839909816136 0.146913039179029 1.36836217090414 -0.721562303611509 0.444651070278361
"4" NA 0.306073738079404 2.14975778773215 0.108658773188674 0.835811608657524 -0.090289034157843 2.16314646713691 0.118499468460292 -0.298280199075704 2.16218478499354 0.83365363607139 0.839817263177734 0.287774200666533 2.16599929860765 -0.0504576187390137 -0.492030941574974
"5" NA 0.446390604454261 3.05072528639254 0.170657527154252 1.11440169778023 -0.0907532197800192 3.07552024226935 -0.354647778405555 0.17076389004511 3.07458255429644 1.11589178943007 1.12095629699403 0.567207776102054 3.07840968463461 -0.45425752249005 -0.349613123692195
"6" NA 0.58219410038131 4.1266520914442 0.199936669452582 1.36894403245065 -0.12643064124711 4.14933477390024 -0.216746018067144 -0.0372385717751481 4.14839264256235 1.36991768831703 1.37561950037874 0.394141153140941 4.15221743647016 -0.139401780629758 -0.613637421345511
"7" NA 0.734242886088289 5.2445375478108 0.244411993509413 1.72478441435992 -0.171791660495532 5.26891004900343 0.0294396376302754 -0.372502418830928 5.26797147235757 1.72548384605595 1.73125391478612 -0.0927529729180609 5.27179813540968 0.00821780098678263 -0.423335396160694
"8" NA 0.923421779963285 6.57566759263372 0.308515358317035 2.04977891460125 -0.182466745399634 6.60130745787883 0.0460312429423932 -0.409797164650984 6.60037154725181 2.05033634757996 2.05767332935328 -0.235943637582186 6.60419961216215 -0.0284312470163392 -0.276462937240457
"9" NA 1.1448336703716 8.03781906127042 0.387418327205429 2.48261548988215 -0.20527823919588 8.05543228751691 0.075021535623487 -0.484329416145673 8.0544794921032 2.48445227690437 2.4890091037849 -0.529079672681931 8.05829867857888 0.435413157932993 -0.536299561594639
"10" NA 1.35426840286976 9.65639958602033 0.441830961136742 2.81598744857467 -0.231383561801176 9.67865981379241 -0.306936801710273 -0.156449579264955 9.67771679378138 2.8200295507063 2.82786906807474 -0.313050744230475 9.6815411204027 -0.452008170822831 0.0918098173703673
"1" NA -0.0346855910071683 -0.0638051554248523 -0.01615022030208 -0.0425241586205382 0.0303601663904074 -0.0101762283094813 0.0341493295092659 -0.00879070860188319 -0.0399531860706946 -0.00685532140030949 0.0349665866635789 -0.0405031177919337 -0.0396726221472312 0.213657603642628 -0.19976939104796
"2" NA 0.0727720861521386 0.604090311168973 0.0322813709113831 0.629394746219561 0.222904145486064 -0.00323178292781268 0.224294983518064 -0.426736470517068 0.631927984349623 0.431105808743682 0.223674943533484 0.397363081833334 0.632237998752043 -0.560043238199139 0.184827942891598
"3" NA 0.157348224628057 1.3388513971323 0.0438035425575613 1.36192058871269 0.499648005718007 -0.0682872494232872 0.503190992729654 0.0524363871781364 1.36447479040933 -0.184831469653712 0.504052488271205 0.115418454998074 1.36476844343458 0.133292016152347 -0.436555338454364
"4" NA 0.284166685704068 2.15866604037614 0.0955152159061334 2.18262932934464 0.818613245796342 -0.0935487472187953 0.821821440792948 -0.32701865510713 2.18517514561462 0.148457430938473 0.829967147180966 0.0446326008788638 2.18547534319072 -0.459301719447689 0.154896516827946
"5" NA 0.426269565246033 3.00712624793141 0.158593151299955 3.03511297514622 1.10001653118588 -0.094317884919951 1.10597608978317 -0.118995185823227 3.03762105699646 -0.0645857514493 1.11294341352595 0.259528801254049 3.03795070505146 0.0379346070989338 -0.557231268821642
"6" NA 0.57470007995002 4.06592037914126 0.208305737719011 4.09658939852017 1.42665608927618 -0.124504225548846 1.42948102767611 -0.373399704542722 4.09907232409054 0.134059516565587 1.43890365060048 0.374981160891186 4.09942160579853 -0.255299193588227 -0.457598646529296
"7" NA 0.740938286676457 5.23208349186197 0.261818787339319 5.26230546254686 1.75784096232846 -0.151617827551485 1.7637674671018 0.139420571644376 5.26479258083057 -0.440118951614178 1.78027860155414 -0.192435551417492 5.26513859026305 0.208665563306164 -0.46200408254423
"8" NA 0.929025981126864 6.46916679743727 0.335784998547113 6.50207106028632 2.10401912179785 -0.156186894592976 2.10974678938545 0.220742583755517 6.50453302229144 -0.53097832124889 2.12165021908 0.223462636548539 6.50489866537537 0.121616541883325 -0.782767849119767
"9" NA 1.11747446711835 8.08935798248735 0.372451716401571 8.12628568358274 2.46829745248098 -0.213117221547039 2.47340309815915 -0.543578515684391 8.12870991116638 0.127840270085935 2.48777947347412 0.325561363419191 8.12910500473034 -0.744583208068648 -0.1712906015995
"10" NA 1.3649614976533 9.72548855031404 0.455099487043368 9.75436937491695 2.84586981410786 -0.217110443853758 2.84998551833463 -0.381350487291996 9.75686907134039 -0.0431056781464247 2.86260919125242 0.206197115091229 9.75720526394691 -0.47634821268926 -0.332058811608192
"1" NA -0.064156387666324 -0.0320037830720069 0.0206687212404962 -0.0218382418138429 0.0190654888894648 0.036895603306266 -0.0202466166079529 0.0385551386265863 0.0387888536130307 0.0027765416200427 0.018667379218548 -0.0216736659410043 0.0374817905218149 0.0724597361889213 -0.0339858183649167
"2" NA 0.0106418373577947 0.607209905617073 0.0332748390996207 0.619110575267947 -0.0227673203246126 0.237422942487796 0.620707517516012 0.242512467498447 0.293067751456767 -0.332049958183737 0.342405738015625 0.619282062525039 0.242459407548052 -0.611438994685102 0.191642662902892
"3" NA 0.146877661078814 1.37053460733389 0.0977512322966965 1.38156771278842 -0.0350107127853611 0.566049410449012 1.3831619965154 0.568352850657149 0.289729792283135 -0.350606766466259 0.464536112208432 1.3817357443534 0.567414662750857 -0.254729212908337 -0.322132218503673
"4" NA 0.247654697463838 2.13708394796014 0.124813929276071 2.146381925022 -0.0685662922434572 0.803917715246459 2.14797089170678 0.807450362148793 -0.166839873609857 0.0324804283104671 -0.281478217361011 2.14654304520264 0.807972606711666 -0.052676526690981 0.134094257699919
"5" NA 0.403031456179252 3.06263139778629 0.195136888888006 3.07496584953542 -0.0732847987464545 1.13279895331418 3.07656412104396 1.13489202739708 0.235853539608178 -0.371847418430838 -0.0527388077423377 3.07513906463854 1.13413632599324 -0.325344985998961 0.163656421187713
"6" NA 0.546210972514169 4.12897346167791 0.239387843745414 4.14781464489963 -0.108950796732426 1.45333651999228 4.1494328553164 1.45818366249559 -0.2569367744085 0.0420708628777667 -0.250446372827309 4.14801377769369 1.45758408246979 -0.155033139573343 0.0863309721300414
"7" NA 0.692392868300336 5.3170670311562 0.27396755283678 5.33937847116338 -0.148852690030544 1.74733189046574 5.34100731566442 1.75444059197162 -0.294839672616294 -0.000233721092395409 -0.233773908619392 5.33959142672591 1.75313623879708 0.252498712421035 -0.458895241750827
"8" NA 0.876939565689682 6.60907936999116 0.333379623763355 6.62922189950742 -0.170818174247516 2.08765414162917 6.63084409770576 2.0934996678286 -0.218693103565564 -0.117189662935065 -0.921363581711013 6.62942621583968 2.09312842378992 0.16760983017277 0.263156349018637
"9" NA 1.09718983626841 8.06427811707385 0.415371952690544 8.08528821078634 -0.180899453703098 2.48691864158688 8.08691306750585 2.49697443320364 -0.587756176779752 0.224950964416942 0.0189452767027077 8.08549598281082 2.49371112437858 0.386578305535575 -0.944571140098843
"10" NA 1.3040296317923 9.6945935362706 0.461444179373117 9.70953068060875 -0.232738217441757 2.87260913562011 9.71113692768074 2.87923737604632 0.20371696878215 -0.654434642779915 0.0361609467458884 9.7097142627882 2.88388126651798 -0.606614064464798 -0.125873735573013
"1" NA 0.0141337809930592 0.00153719875549952 0.0604844771767819 0.000759655835553878 0.0626994393749999 -0.0239729111673519 0.0147238740949148 0.0652404625548014 -0.0223018252526244 -0.00833486655841212 -0.0343415769654685 -0.168878174999359 0.0276277000067691 0.0535084257209987 0.112963876532031
"2" NA 0.106791370990857 0.0508426062786912 0.583516079386023 -0.00648421072422385 0.587873481288949 0.223912414351277 0.248442718649526 0.590426589616304 0.228898567918714 -0.26617717688373 0.217035809318035 -0.595621053630749 0.327014104810719 0.578697934549715 0.20348311471811
"3" NA 0.232806718475179 0.0975624433297286 1.38062168789186 -0.033020888464063 1.38069421038537 0.522874857996436 -0.212299433911855 1.3832231484176 0.531699564177251 0.156812969727899 0.51889798257288 0.13374430882817 -0.234027228924122 1.37148772981661 -0.019720206651833
"4" NA 0.333436316309193 0.127052230567537 2.11914461815453 -0.0744661926998278 2.12007411652995 0.797623280529417 0.26041554024621 2.12260788862122 0.803403198926029 -0.414550534355228 0.794472070153908 -0.711875370739916 0.159175750078297 2.11087382272706 0.288862967325825
"5" NA 0.477789960495019 0.188129830797651 3.1004862866345 -0.0806976263689229 3.11427042323816 1.09351627399662 -0.0703470056686569 3.11687670621474 1.09772801081562 -0.0819357099334486 1.08875947745997 -0.49738418824321 -0.265593358441623 3.10516293092389 0.501299035316388
"6" NA 0.631190237977413 0.239166251909386 4.15387660501423 -0.110932069310641 4.16466132603126 1.42585294797748 0.0252431753318209 4.16725068980123 1.42772617766778 -0.239597554727932 1.41911265149119 -0.330654119452025 -0.297008301167213 4.15553218003633 0.281056056349256
"7" NA 0.774871210120995 0.271982963348383 5.28351110881019 -0.152737927355697 5.29215339012269 1.71734888911693 -0.196717414266452 5.29473066874505 1.72927469461171 -0.0988869178617962 1.7188036480063 -0.261237195835505 -0.162690183010525 5.28300877721295 -0.0585432089902638
"8" NA 0.977778287194005 0.347632768788865 6.60098911238711 -0.176314887301121 6.60620349017194 2.13590515436664 -0.30565636066696 6.60876143255829 2.14862847525521 -0.0323568272081704 2.13691322620589 -0.0690230130332042 -0.293565616525603 6.59703413019912 -0.181439241413936
"9" NA 1.16553184938525 0.402743310710054 8.02746415282233 -0.199235650179199 8.0408198014848 2.4615113111882 0.374800107679071 8.0434236674321 2.47375604756891 -0.782744372435891 2.46194540754703 -0.391681570977183 0.589963873867219 8.03170921578753 -0.843816093482333
"10" NA 1.38990119510568 0.459858708868019 9.74765917485605 -0.226862906938117 9.75715843205035 2.8134504732656 0.0843604947466006 9.75974054473169 2.8290475469575 -0.538027415355382 2.81730195811881 -0.583432551867658 0.19244424960822 9.74802000590576 -0.324480920313139
"1" NA -0.00822041255169128 -0.00818966531562709 0.0286602712926647 0.00982700787966953 0.012181398383344 -0.0143634134096096 0.16806707245461 -0.155574250499121 0.0125020597216303 -0.0129759070503085 -0.221779934440055 0.176105527552544 0.061513572877241 -0.0177615968451477 0.00742292908986976
"2" NA 0.0894215622353789 0.683831594760964 0.0592430478467749 -0.0172945527314447 0.244021722205387 0.674313444747777 0.59419703699777 -0.667099313296309 0.245348648574885 0.675695842400448 0.11148536155641 -0.710634017799662 0.508223015900719 0.670917702258699 0.241737549267169
"3" NA 0.199972386128569 1.39653374693707 0.102125377030134 -0.0395325272198565 0.512034306907656 1.38797114032936 0.195714374652771 -0.286830291037158 0.513609608402609 1.38935499761254 0.247333117112242 -0.509444353739551 0.126409399403457 1.38457470042703 0.510731902262398
"4" NA 0.322390828417736 2.16475648947174 0.154059105237453 -0.0652046568230586 0.836291669609387 2.15332725264761 -0.115491464998406 -0.00850343954633122 0.840986636008042 2.15470673103936 -0.748272430598639 0.469274127531983 0.0631595832699787 2.14993290498508 0.835660774867151
"5" NA 0.421682947936925 3.05738402797667 0.166219900292395 -0.130480939736396 1.11662583667267 3.04977696477444 0.0689649351020781 -0.33917885933712 1.1200544948861 3.05116228168806 -0.419733700600546 -0.232569756647486 0.232566640265517 3.0463798274588 1.11485515491308
"6" NA 0.584367441801198 4.12703245380038 0.233215901054073 -0.126071156516674 1.40137064206075 4.12850305295045 -0.227605253988315 -0.0140507561764634 1.40731194341713 4.12990223635341 0.310350516495792 -0.235186568508979 -0.441569825354283 4.12509929020865 1.40467311852397
"7" NA 0.740671689506605 5.25067707519589 0.281275093448875 -0.156392146632595 1.72230633319903 5.24975881583215 -0.433291566662135 0.143791554762079 1.72817889601116 5.25115435015916 0.240814800277052 0.0446084494501804 -0.727924359511273 5.24635679662349 1.72682771334333
"8" NA 0.952242374860057 6.62979954147851 0.361592220008904 -0.167390262669391 2.11902880222495 6.62792573870927 -0.0762732496281787 -0.258351684059201 2.12275193438538 6.62931981340534 -0.439576686032226 -0.141778256527729 0.0614039851924057 6.62452441691341 2.11976435842061
"9" NA 1.11902818719977 8.06350549004223 0.391677350015892 -0.222073007323759 2.44585317705124 8.06497608919224 -0.0838216050958675 -0.363534124894218 2.45113489610588 8.06637527259564 -0.501215335339544 -0.213856637558527 0.030628023991959 8.06157232645005 2.44758970233301
"10" NA 1.3482604101034 9.71372375383701 0.457174166360282 -0.254235229251215 2.84956489144123 9.70659446233741 -0.129024324959912 -0.381622639229355 2.85613331156496 9.70798050906538 -0.232684788819583 -0.53282995234148 -0.0135878195357626 9.7031969763147 2.85464058435081
"1" NA -0.0248543091949308 0.00613993681670604 -0.023550715958562 0.00946116956957207 -0.0219584334046522 -0.0206805268012492 0.219212050419762 -0.0326196964496622 -0.0284152209560512 -0.209584374860068 -0.0329697473724258 -0.107247318836154 0.256357163181447 -0.248785321557961 0.0482985822509586
"2" NA 0.0734349513861782 0.0397172138470741 0.654185153194669 -0.0293016476059163 0.258920176925557 0.659106149432368 0.341511756313711 0.249092653470956 0.651372965022189 -0.405241229888737 0.248739293206633 0.969775375264224 0.314593528503801 -0.382574698872224 0.33872490210082
"3" NA 0.191027882085839 0.0898931738248896 1.37554255415753 -0.0484693820241672 0.546952788779625 1.38084161802129 -0.017774092955845 0.543579910438713 1.37310994335575 -0.0941757646032739 0.543223240832834 1.85326161095661 0.00145138831721924 -0.114187410416986 0.901922190796786
"4" NA 0.307222546225919 0.128832644218298 2.1816326418156 -0.0756928645483941 0.814099497798017 2.18437465333141 0.209643063663193 0.807977474272667 2.17663392019805 -0.367897830440362 0.807627423349897 2.3622876566467 0.179834186032032 -0.341656184181425 1.99407278381049
"5" NA 0.417285652143413 0.159972041992836 3.04751607283493 -0.12515854633947 1.12362269769505 3.05668132777389 -0.427550299893229 1.11985590600717 3.04896173106548 0.157685153457937 1.11951578310907 3.07142615810061 -0.441452898181119 0.173192214756439 3.02645100243733
"6" NA 0.589822487760979 0.236984371017591 4.09039302712414 -0.110299751115548 1.41241938457003 4.10585039345495 0.359252946231586 1.40917205151379 4.09814287470373 -0.582065230440299 1.40882696460335 3.99277699666688 0.342272848429016 -0.570037263089802 4.20098405501752
"7" NA 0.747610085740339 0.280117528520454 5.28123996040875 -0.148489933701212 1.73487122339699 5.29775361592317 -0.082367515827584 1.73302628763609 5.29004911666123 -0.22498719148616 1.73267954605488 5.34526097227248 -0.0442301527604498 -0.26394581399936 5.23550554468866
"8" NA 0.94254427050617 0.354886017762052 6.51942862803565 -0.158140168688538 2.09933960348084 6.52963995297306 -0.260010644685726 2.09939250113346 6.52191129779695 -0.0699694818141342 2.09904575955265 6.10961728791287 -0.258733650126421 -0.0711302470242645 6.92551025534931
"9" NA 1.13084660631003 0.405227105146957 7.99892890585245 -0.199693656921232 2.46446488251534 8.02183011642791 0.015935846976623 2.46546580412707 8.0141437341017 -0.421231889689753 2.46510913452218 7.58128298165395 0.0442827450910349 -0.451785528839119 8.43808731162777
"10" NA 1.34399585229009 0.44539188529219 9.73248867746856 -0.248938600536608 2.81244730874473 9.74806510722021 -0.0696901015525109 2.81403836702581 9.74035154949047 -0.433752208989425 2.81368666143228 9.65294831361078 -0.0774451363587774 -0.428364445803031 9.82555933501175
"1" NA 0.0121815179557783 -0.0320436361373759 -0.0554731055641489 -0.00397958485060673 -0.0156570865191366 0.00460912793354301 -0.266696584440524 -0.0166241610675877 0.278806031309805 -0.00586374605968873 -0.292683544317498 -0.0211152786471822 -0.0580676312164898 -0.0107541206261594 0.338453033799681
"2" NA 0.0888034451501925 -0.00852069040108618 0.547367562590349 0.247197564774952 0.591975165967415 -0.0368836150749626 -0.141732514360119 0.591036715980092 0.0702087254605183 0.24431395922334 -0.192768435031998 0.586518153845322 0.0102975243715231 0.239616769099501 0.0532162928068521
"3" NA 0.221716825270819 0.0509282192136254 1.30472636432837 0.560184886895775 1.34412632620723 -0.0505795715830319 0.0505716223143927 1.34316640779905 -0.154157528350228 0.562444473727557 -0.149121834841533 1.33866842908069 -0.255873664844666 0.55738507278271 0.241511546196181
"4" NA 0.333067846254482 0.0771006484360264 2.16383332510934 0.825793894683522 2.20313394548115 -0.0937497711696739 -0.632068193756176 2.20215971479239 0.454592987354895 0.828229151075669 0.380322127619643 2.19767545835154 -0.78707005209405 0.826985850966768 0.144732561753095
"5" NA 0.461949693434545 0.129762281666938 3.04993746141793 1.07914394376581 3.10109789951998 -0.0987283323389345 0.0566159567955381 3.10018807409379 -0.257525808152189 1.08698870643946 -0.357951498296877 3.09564206740389 0.181908696085315 1.0881234126644 -0.149931053970516
"6" NA 0.600290726122686 0.182182552267903 3.99156491973975 1.43222914284898 4.04738723994947 -0.132757850011539 -0.384206956880479 4.04650365370438 0.127121772034508 1.43510462172164 0.342847593354509 4.04193248950549 -0.671946543135376 1.43803368004918 -0.0487017025513552
"7" NA 0.782629823983986 0.248304866266746 5.18269316338991 1.72010052201608 5.23072806373406 -0.130185409300857 -0.134798148065182 5.22980631140739 -0.12430873844677 1.73087156376357 -0.564456826077778 5.22527173994871 0.0812740142105894 1.7277320371293 0.0670092283313573
"8" NA 0.946080477211699 0.28732954108147 6.4955925216883 2.11421360340578 6.55166793824732 -0.193728881118022 -0.554672007598664 6.55077958124194 0.179731256312862 2.12028903299456 -0.20798033530747 6.54621299113564 -0.408589295092508 2.12281177253239 0.0382708862855703
"9" NA 1.14281688383975 0.340032725913158 8.00776097523923 2.43807727166854 8.0677467141074 -0.21903681242344 -0.373198012456315 8.06686551324242 -0.0576780387468442 2.45062912200807 -0.155600186371306 8.06229206199739 -0.50458274584416 2.45429992853466 0.00805923558282603
"10" NA 1.38307411925491 0.423873077541866 9.62077814936971 2.85320843873643 9.6782725123681 -0.2309623599177 -0.418226470585775 9.67736984308205 -0.0335757513322774 2.86570983583368 -0.829525727670633 9.6728169752535 -0.48781171830727 2.86228792547363 0.615431495021178
"1" NA 0.0503984939637552 -0.010291967517531 -0.021573581581481 -0.0184380842688992 -0.0174721763816513 -0.0132013574098394 -0.0811001314371315 -0.016297718219649 0.0589035492792352 -0.0157500045789248 -0.0169940097767265 -0.185423357007053 0.193187498240624 -0.0165382779713364 -0.0522512254234454
"2" NA 0.154984800699102 0.0373911061046685 0.588332206200337 0.589073818313256 -0.0308636432938809 0.245995501861098 -0.234108789848397 0.591191148757321 0.196256916037019 0.245011321554677 0.244681315849222 0.240108775029269 0.363018518860478 0.5909575366989 -0.676580687967382
"3" NA 0.270638203165404 0.0808934390883665 1.36696446795279 1.37153629638517 -0.0550120330485156 0.522787186643797 0.0389959611823895 1.37369048379753 -0.147771498350379 0.530847477609376 0.52555685569581 0.472530117088368 -0.129192344584181 1.37344575542988 -0.483907114882021
"4" NA 0.385078620899746 0.11784963837189 2.18557246871621 2.19014429714861 -0.0928603621636768 0.818937415304721 -0.199586960397769 2.19229848456098 0.0309241250040963 0.828638144752808 0.823105555196316 -0.278150251327656 0.0825402558666181 2.19205375619329 -0.0725811961721505
"5" NA 0.50951979039792 0.16365182852238 3.08586062205848 3.1067108698486 -0.109191456114977 1.07848971182687 -0.227124268555697 3.10902169937626 0.0276042412864064 1.09083960010342 1.08534647818621 -0.503252741303572 0.559362973135513 3.10872972669431 -0.377107668160967
"6" NA 0.651006147396577 0.208714610870843 4.0792700446419 4.09533252203264 -0.144056044454585 1.40044822611711 -0.427090878668146 4.09759728034996 0.172452340683059 1.41272812313267 1.4129976044477 -0.232404073078848 -0.129689013271644 4.0973192030547 -0.0579419027010294
"7" NA 0.835340466919102 0.282601652170286 5.2757888467624 5.29280887823301 -0.145453466777997 1.73589874183596 -0.568238559513722 5.29508285079237 0.322252960822747 1.7502560537712 1.7501178593965 -0.705104499247526 0.029888350452106 5.29480199441989 0.242284414669297
"8" NA 1.00608118725924 0.328561333650293 6.54459032128198 6.55921646755281 -0.193591463364782 2.10558571572555 -0.307161945971048 6.56146740450696 -0.0540295296159489 2.12316970356659 2.12054275346192 -0.145557893737091 -0.265959345608806 6.56119349582731 -0.148036895019578
"9" NA 1.21557841338042 0.390563058746719 8.06792782268154 8.07968130671291 -0.205194378113318 2.42192426563296 -0.401517637090558 8.08190460094136 0.0233650980582169 2.44370909037252 2.44057833836616 0.102255735537665 -0.00713924902697222 8.08163902949376 -0.682838877550764
"10" NA 1.44385785047184 0.464075372618796 9.69365111339602 9.69965927294829 -0.224783815087535 2.82046286636877 -0.685395886224993 9.70182728172357 0.285149588671863 2.85044457102959 2.84119226165346 -0.61379985043017 0.422833609326586 9.70157838474038 -0.468714152871708
"1" NA 0.0307400635649559 0.00262060383516237 -0.0604199297334236 -0.0676510319123269 -0.0145372920191417 0.0075625814651875 0.00341958486465259 -0.0705137449491663 0.0469194328688908 -0.0768179346313421 0.0716224012457904 -0.0720467920280951 -9.79806016796263e-05 -0.224333737317914 0.108437515857106
"2" NA 0.144860679118746 0.0523675358671866 0.625941189591779 0.623688724477326 -0.0259531013487253 0.266241747780101 0.266229817886273 0.620845713761846 0.058569229296004 -0.111299771019914 -0.404979106837927 0.619305944714201 0.261288286496076 -0.0375037250048337 0.377663801620934
"3" NA 0.245043042223783 0.0802794306694199 1.36468668754756 1.35662581252458 -0.065716449485455 0.530603046913738 0.532460837279535 1.35375981576753 -0.0339738687713639 -0.102018722953647 -0.153828278634435 1.35222788901669 0.525843892296908 -0.300720931595419 0.269762025790455
"4" NA 0.363442464673151 0.131730249599336 2.1188625653197 2.11826964589346 -0.0720958236442124 0.781698706059928 0.779642898441418 2.11543320261837 -0.0639952871341258 -0.0834656605045462 -0.411233698074734 2.11389119291456 0.783325868522562 0.0933620938650436 0.0981083650408782
"5" NA 0.521279101604459 0.202207317620945 3.06768375438768 3.06833549422748 -0.083444016021727 1.1356172418065 1.13584983442967 3.06550397653282 -0.316941399624469 0.130302853732446 -0.167591111053891 3.06396028633674 1.13412218467577 -0.67199773795261 0.625885621593529
"6" NA 0.649106152240714 0.227474823463576 4.15890837973868 4.16287921095484 -0.119931350166823 1.37681106780437 1.3802290205106 4.16006082814096 -0.249646368191192 -0.00399169920712936 -0.195296700652997 4.15851265663237 1.37652267261185 -0.396513806603346 0.248024933676155
"7" NA 0.81461002598677 0.285549041748632 5.26753699288499 5.26901850556894 -0.160011322519718 1.77431331384044 1.77882811226053 5.26619027159445 0.270077003700259 -0.565687037982209 -0.845028013402048 5.2646454610703 1.77589306950674 0.0870852094989411 0.296346573379386
"8" NA 0.988668459610452 0.335621032449564 6.55509919683927 6.55865514163334 -0.186521564738658 2.08862231616056 2.08991033777744 6.5558351169594 -0.694984119385089 0.286060747591135 0.310215739884177 6.5542875056149 2.09491291988154 -0.791330182710379 -0.075600206075611
"9" NA 1.19114603034208 0.389783302025522 8.0852918300463 8.08635845630801 -0.219310833485373 2.44481989811932 2.445639025067 8.08352858047341 -0.657799618334022 0.189332125725518 0.0865044458370968 8.08198433011334 2.44773518302108 -0.6205582005012 -0.117783913998178
"10" NA 1.41915732465234 0.461204769099674 9.72261156948234 9.72326330932228 -0.237081046663429 2.82563033441538 2.82944775833853 9.72043179162745 -0.368590505116461 -0.11536440494142 -0.10284562985764 9.71888810143148 2.83225621560327 -0.244409362554253 -0.374739009970584
"1" NA -0.00826813516828289 -0.0344017077442067 -0.0329094621089282 -0.0202667118597338 -0.0128995869743376 -0.033799234825151 -0.0343960801411007 -0.00905365114630264 -0.0330775959253971 -0.0139969169276263 -0.525410237993458 -0.0358917265667335 -0.0134205093324173 0.527720388564486 -0.0488880960858908
"2" NA 0.0943557261680572 0.0152186899456392 0.566734313964479 -0.033096479218185 0.583060764917704 0.235617557560482 0.0187885048615556 -0.0876981535263339 0.23464537170305 0.581973485347569 0.0879915969806953 0.235255168164783 0.582543742527434 -0.0962774246458346 -0.0888159782881073
"3" NA 0.20710336763567 0.0512385196258773 1.33005477768039 -0.0676653547576799 1.34719976734059 0.51252263966751 -0.0315107159087806 -0.105535106738417 0.512422477703255 1.34611025435198 0.0971566980521638 0.515567470960892 1.34668187829081 -0.186848334634585 -0.113330918243258
"4" NA 0.330002475946405 0.0998666455172992 2.14388006242408 -0.0914115386958841 2.16348066820521 0.812485084958733 -0.277194292133385 0.0987980686000364 0.813930493584878 2.16238445496115 -0.0846021925187651 0.814450085193153 2.16296017917686 0.387552417808032 -0.538632719946416
"5" NA 0.456703828716642 0.149117557467897 2.99262130996903 -0.113382157773838 3.01631460928494 1.10846772940132 -0.530032930047435 0.315648151500556 1.10871684795158 3.01520722894847 0.0111236530982745 1.11166815104653 3.01578978695911 0.160727074683771 -0.480857463162759
"6" NA 0.63047053181434 0.219209346322608 4.11945098317292 -0.107552033548972 4.14723697602369 1.40077426382497 -0.262679709653009 0.0522527941974905 1.40400165570381 4.14611842859486 0.064705250360012 1.40819550142173 4.14670782040021 -0.198877778285312 -0.182480803039392
"7" NA 0.784391199350518 0.26566274030493 5.24557429817273 -0.150007927440805 5.27336029102344 1.75564085484162 0.110368968351921 -0.417516161758601 1.76251202109341 5.2722417435948 -0.395204179228782 1.76558415899375 5.27283113539997 -0.250533566891531 0.181326200906302
"8" NA 0.966130117882535 0.320291265662868 6.5538166060932 -0.172556626589002 6.58078406023699 2.07661828356392 -0.0700767243043035 -0.276567822681363 2.0831516584583 6.57966774622652 -0.803430381198786 2.08408674532363 6.58025577127307 0.529336439683694 -0.214713508378817
"9" NA 1.15721746806771 0.377565106102354 7.97920865686652 -0.213821561276607 8.00863172713137 2.47647665853159 -0.318409315617835 -0.104390304194137 2.48417330996484 8.00750871286547 -0.12675160982507 2.49083369268836 8.00810083818891 -0.191760401718925 -0.309493913359171
"10" NA 1.387394988904 0.436718833610329 9.72111579752042 -0.244889624128871 9.74808325166416 2.84716939254173 -0.835591026430497 0.366159981983576 2.85288347941792 9.74696693765398 0.365825540680334 2.85849606279074 9.74755496270018 0.0116498940556391 -1.05015203315786
"1" NA -0.00712928374432274 -0.0347630377864855 -0.0276499836288629 -0.0184449045745094 0.0138580734462277 -0.0128055450166593 -0.395235102103075 -0.0136262701357169 0.326634919180984 0.0135535382763732 -0.302435466947966 0.321241775169669 -0.131724554505091 0.120463016152401 -0.00510063584072921
"2" NA 0.089545034484042 0.622117780069475 0.00598299605572406 -0.0407050988944469 0.240802393395827 0.644075272839291 -0.254496490631137 0.643254547720246 0.154713930503518 0.24051558430882 0.213097652291136 0.27869820357886 -0.182133105656781 0.123161270876609 0.651780182015246
"3" NA 0.207880217533997 1.31141493726979 0.0627356942321119 -0.0425716872957328 0.50286025740822 1.33290913710092 -0.573388010228557 1.33208754328899 0.44407787909058 0.504510508835661 0.311233333970799 0.693662080010969 0.147472274602831 -0.229491554008972 1.34060826789306
"4" NA 0.325894148948149 2.10742740864655 0.105416454539319 -0.0880718179776831 0.850000448798438 2.13216465904846 0.216469193380333 2.13134914608683 -0.368846593875574 0.849868939785549 0.703216075515368 0.993132241230509 -0.631310981035831 0.497458512322115 2.13990423852721
"5" NA 0.442425148085779 2.98636606508362 0.140420179428741 -0.0949241084615576 1.03051399601881 3.01619953781114 0.281962648198478 3.01539358047129 -0.443113562399501 1.03241485781339 0.875133544165386 1.17647732959699 -0.368852384047246 0.206245561435986 3.02400267951166
"6" NA 0.595742738214896 4.11019644555785 0.185903015075064 -0.146872810381868 1.41302499276034 4.14234638297886 -0.232433509996651 4.14154476910353 -0.0683999159496916 1.41455150365552 0.796806629744492 1.98678996694506 0.086317558365811 -0.38004840563608 4.15017841659833
"7" NA 0.767564103789419 5.26675017773591 0.250963579644179 -0.164781326044122 1.76813751958722 5.29936340809566 -0.258817737270839 5.29856266291314 -0.0774114427142274 1.76879835695856 1.66069454504914 1.86135988984715 0.108817742005104 -0.446779299328771 5.30720122009887
"8" NA 0.937874890102054 6.55227531468588 0.295503925853822 -0.199548840048561 2.0861093987364 6.58535183798442 -0.150647661265174 6.58455196149474 -0.24394317264403 2.08813356210982 1.98560675371085 2.17014980967094 -0.115658983399334 -0.283455773262661 6.59319542837123
"9" NA 1.13585026610755 7.94377952572227 0.360864986856017 -0.218517723218856 2.44509514512712 7.97500287726584 -0.380630471597716 7.97419952600474 -0.068040773400999 2.44715097124576 1.98298521098053 2.85938795096968 -0.396835580602362 -0.0231513667680069 7.98282335411777
"10" NA 1.35874557876193 9.67004386947691 0.418046249252296 -0.247726211343899 2.80166965194212 9.70451027159116 -0.144797878149318 9.70371300118036 -0.342422568689437 2.80699965171879 2.59040561734219 2.97823684233296 -0.447902531802008 -0.033799000244282 9.7123711971299
"1" NA 0.0133834736068088 -0.0108970801367109 -0.0064635017320282 -0.00565332563288573 0.0263465306203598 0.00506225012942946 -0.06369675665711 0.0357072582686665 0.0196675861764027 -0.00389841250804729 0.00328565717154225 0.027943863669368 0.449592357738886 -0.459747710295393 -0.028781318966915
"2" NA 0.0952841423257296 0.686320071804581 0.00784054035752251 -0.0384911266531559 0.206745521423474 0.700414728003699 0.10126657009121 -0.203329232322858 0.198002814477419 0.691455010394837 0.698627478016535 0.208724174475024 0.583156847955904 -0.448368787380341 -0.269614501155365
"3" NA 0.210840057196409 1.36054818371236 0.0623509286772064 -0.0544173627989031 0.507691168439308 1.37510900842823 0.20019158290428 -0.33863587571234 0.498805619349572 1.3661490545622 1.37332442269841 0.50385534138244 -0.17384352112602 0.432101830292628 -0.406974073003
"4" NA 0.324856665944313 2.13932091137461 0.102505746434594 -0.09046531798001 0.811840524137175 2.15761108422458 0.375522298692823 -0.595298458480703 0.802161778255017 2.14864924030131 2.15584781255328 0.810237136130861 0.0231316124200289 0.371035338279834 -0.651062546379507
"5" NA 0.458406324753283 3.03811883628295 0.155401758658186 -0.115979217889773 1.13945383209989 3.06200303133406 -0.378275194113724 0.143374319931418 1.13854421534201 3.05303835232496 3.06027173075057 1.14408745237393 -0.437590884342188 -0.187364026644199 0.273167210250859
"6" NA 0.596428859161537 4.0734922190332 0.192946771744126 -0.150117807502187 1.4277845341761 4.09457940298368 0.0954230890460194 -0.422276224624549 1.42328639384206 4.08561614151752 4.09283211685637 1.43189402403564 -0.0578445301884773 0.0680619276177535 -0.452932766524608
"7" NA 0.75262706910505 5.21594311321571 0.239818640607743 -0.168410809105885 1.70060715506864 5.24029347678355 -0.0243253053518563 -0.332958012694384 1.69741797016431 5.23132856151732 5.23856484045735 1.70648810992464 -0.0274338814940009 -0.0832797188891816 -0.390103649605513
"8" NA 0.940349240903928 6.59728707139982 0.297746364998397 -0.198248955244557 2.0651955285311 6.62583295161854 -0.0850380901052423 -0.330892782255032 2.06646992532574 6.61686591003791 6.62412829360818 2.0726203270617 -0.673442237673988 0.227332300341914 -0.132417896747375
"9" NA 1.15344888024045 7.98585890557036 0.379208820678341 -0.205839011896034 2.45896995596813 8.00927693210493 -0.063693428305397 -0.368233853700135 2.46239947849021 8.00031248935293 8.0075429672639 2.47052550982015 -0.0980924737819358 0.0532868774292697 -0.561836107785806
"10" NA 1.38257595996648 9.66724396310247 0.442857254835753 -0.233523041092378 2.83846704795957 9.68879731556977 0.13610754576632 -0.632855014589531 2.84055715397733 9.6798338178464 9.68705269369965 2.84836410726929 0.0993247556347794 -0.0633383540519071 -0.723830623810011
"1" NA 0.060106302882455 0.085908423956309 0.0329811499531629 0.0712675390945505 0.0105321619064467 0.0202082145670793 0.208626773527247 0.0203257934778353 0.0704061743274681 -0.189229526153187 0.603781471074619 -0.566828721125509 0.0769302522731477 0.0227333187276823 -0.0037593792529012
"2" NA 0.123621611723054 0.630065022302588 0.0457694428512475 0.620659511835957 -0.0444210818871946 0.267090006879596 -0.240378863393018 0.266902436665517 0.619801771915984 0.148528810471429 -0.22535006301016 -0.134903997331619 0.626235961765882 0.274623660147333 0.232464729652453
"3" NA 0.239290040272064 1.38207333162052 0.0885913827794223 1.36830500915792 -0.0666535287273483 0.535567546809097 0.399600954393542 0.534830243990662 1.36744424853201 -0.532595066914924 0.570524380233195 -0.314159906059841 1.37395334512843 0.53964199942626 -0.432299153807284
"4" NA 0.373864292017453 2.13814593718151 0.153842504700626 2.12481389591856 -0.0721100508079258 0.845181046353046 0.170661138116018 0.844205619792193 2.12395343736324 -0.315209121704231 0.217576317742812 -0.177950988457381 2.13045504328495 0.851962452995415 -0.234216273415132
"5" NA 0.504132550657644 3.05393101167499 0.202989532229619 3.04757946960552 -0.0864256177638899 1.11555428393956 0.0702546095583261 1.11405563135372 3.04672384417976 -0.243338176167211 -0.125656634064529 0.485534713674211 3.05310559930706 1.12552794543188 -0.568057708326084
"6" NA 0.64108233258328 4.10794624846412 0.236704366613605 4.10246726879384 -0.13270667022602 1.42470655483758 -0.0382643787322118 1.4240848865291 4.10161224750921 -0.227950418573288 -0.135439659203839 -0.0457943628411872 4.10797902128723 1.43440302649478 -0.191387086206739
"7" NA 0.800176266979104 5.23921291656952 0.287511351196991 5.23591534289725 -0.153172468986829 1.72096726222478 -0.591929207192245 1.72139186170317 5.23506183196558 0.282075791094519 -0.373036967789718 -0.643928054916129 5.24139115237036 1.73009996399495 0.544629820958056
"8" NA 0.982619571444178 6.58956890768687 0.343131908325617 6.58496249041568 -0.186889136884679 2.08890798750197 0.0745421664949681 2.08956517892275 6.58410807327231 -0.448731292207324 0.143009101954353 -0.216205252755994 6.59045986570107 2.10308066828564 -0.459459694113371
"9" NA 1.18521518984705 8.07613280069922 0.401993356393197 8.07283522702689 -0.21409253069031 2.44421803368657 -0.319596335486634 2.44540201812336 8.07198171609524 -0.110657464169445 -0.136564836335521 -0.55290188151828 8.07831103650014 2.45777798579929 0.0520980252274208
"10" NA 1.41238493000178 9.78031479720656 0.462908566195545 9.77483581753646 -0.234415398548665 2.78573644264926 -0.0720463059167161 2.78552990291428 9.77398079625181 -0.396698150596256 0.141024023996295 -0.447783250424675 9.78034757002982 2.79932127946494 -0.373808557116653
"1" NA -0.030869895131768 -0.0514121564088559 -0.015428984039062 -0.00204022772887502 -0.00783189527892736 -0.0322124702437659 0.24248405645771 -0.256767137169779 -0.035104243534295 -0.0138136042274739 -0.037640813005383 -0.0169045412158983 0.638361143220804 -0.646458374626518 -0.0276142222767052
"2" NA 0.0541797070580047 0.601647155076769 0.006023472278855 -0.0428762480142859 0.228248864655173 0.622908194147424 0.0174282238930928 -0.110309846879933 0.620024122529052 0.225971837980941 0.617495523115007 0.221748671337841 0.379757691952463 -0.666434927863113 0.118023833912225
"3" NA 0.15905567609202 1.2511663518381 0.0520808729462607 -0.0657882659689245 0.514565307725432 1.27325193207097 -0.195137097355814 0.0610562206628646 1.27037094112147 0.513692924976363 1.26784552973025 0.512128044578078 -0.286206262816447 0.109937763028638 -0.034798898665798
"4" NA 0.286644086373251 2.13908920718177 0.0932478544202167 -0.0954572435841755 0.800623514558223 2.15952570509018 0.0996179594489754 -0.299983648562979 2.15663855280294 0.799060022095102 2.15410676536612 0.797302238918174 -0.00980778331762615 -0.173436924328057 -0.118881338612634
"5" NA 0.41741749391721 3.04702139472429 0.142277367934644 -0.114829617399786 1.08732935679648 3.07446649251161 -0.0364254672040244 -0.201067705205173 3.07160552590978 1.08920523917137 3.06910083666676 1.08608433792659 -0.145971485144681 0.15206924139741 -0.346557823871563
"6" NA 0.573128475106576 4.146425798552 0.191678656536138 -0.138587728739886 1.38886242461504 4.17469543750159 0.439880619706362 -0.73505443594607 4.17183755156842 1.38809244276325 4.16933605034835 1.38678780152334 0.281057195300071 0.36716837966509 -1.01733447040646
"7" NA 0.715772143702409 5.22926782137936 0.230583275253586 -0.173770564613389 1.68598381654971 5.2563006485855 -0.228793653014486 -0.120156409666005 5.25343814164917 1.68513809411467 5.25093185839473 1.68446198657851 -0.289379764886125 -0.286024591298277 0.0277265405345454
"8" NA 0.918083366261583 6.60141917280289 0.304367129122525 -0.187549993926222 2.06206717500661 6.63381151756347 -0.344196761546183 -0.0311240600031598 6.63096903497484 2.06508190113308 6.62848347386881 2.06287504165299 -0.332927018694198 -0.208229308398698 -0.042878087866815
"9" NA 1.12088468462899 8.02618555325384 0.368242338027303 -0.217809309040721 2.45349210471724 8.05115702755456 -0.134321363513571 -0.305492548992038 8.04828681894612 2.45474081770944 8.04577256563469 2.45221834125876 -0.0157151628827114 -0.346172120903952 -0.300412942527621
"10" NA 1.36036243579413 9.68184154909978 0.447942171144122 -0.239831400831841 2.88644611289312 9.70186577642693 0.173794347055592 -0.665701584314868 9.69897708380527 2.88921664645958 9.696443702357 2.88695792004992 0.284815253086838 -0.302421754539915 -0.68937943523323
"1" NA 0.0313703703650149 0.00324950092954447 0.00370561156890574 0.00828362837072439 -0.011333364857157 0.00141718093652739 -0.249355622824488 0.211779927937176 0.00372021192393662 -0.00273485437623923 0.0175190015720672 -0.26054515886466 0.034126930161162 0.221446809958366 0.0105096229415989
"2" NA 0.118671073462693 0.0272224631549157 0.645109908562013 0.274203690709566 -0.0570926295879366 0.638225346526573 -0.585169193197183 0.448506163506987 0.270040925049729 0.634066202142806 0.284267144561684 -0.445576483509953 -0.268637748959412 0.55831377909618 0.647292213165358
"3" NA 0.245820696838405 0.0884738380858924 1.39024474129846 0.537996655111193 -0.054249977268113 1.38749669752577 -0.0995809913325976 -0.0184063384278109 0.534414123360423 1.3833439513059 0.547908586474326 -0.594859358015682 0.320357051642826 0.164953203710701 1.39658658199419
"4" NA 0.331614512332963 0.100642080135964 2.12961381839048 0.777850338820651 -0.108218556611679 2.12732538775814 -0.139441755918107 -0.0851304169704371 0.773282834286715 2.12317335244535 0.790545745436905 -0.192059491554483 -0.187867975283543 0.0800982817378283 2.13641782976322
"5" NA 0.477698756675849 0.170222035372774 3.02762096050922 1.08757175261433 -0.107651460802867 3.03544401896361 -0.538700935988224 0.303727236548805 1.08519725297808 3.03130762360702 1.1024446829962 -0.283987626695951 -0.625892241571319 0.585885542103767 3.04459272677451
"6" NA 0.622239169995485 0.209786985351209 4.10109446994431 1.39429901856042 -0.145501634434169 4.10707907583741 0.0859088477488947 -0.377720917940976 1.39086351127615 4.10293983685248 1.40788967064797 0.124567058861928 -0.0598711783678774 -0.462773871854625 4.11621755350175
"7" NA 0.784609684324948 0.261947813530455 5.23724236081938 1.73195597748096 -0.175791619588549 5.23909044844987 -0.281324961902337 -0.0804427098647031 1.73002563294569 5.23494481130095 1.74985847768345 -0.312353603938229 -0.00448325188166618 -0.16708333962286 5.24820590828456
"8" NA 0.983547922823253 0.335049085070603 6.58229565104587 2.08431362806674 -0.18333769261647 6.58644180437762 -0.320166348610411 -0.0574153325108977 2.08307046319653 6.58229972176442 2.10308990324633 -0.647302525402252 0.218845721724288 -0.0615936727322835 6.59557005189494
"9" NA 1.17616763087511 0.392669603923081 8.00122668614543 2.45677294898907 -0.216780524625715 8.00813051831909 -0.303982824535276 -0.139086494132939 2.45642044082496 8.00399270114834 2.47658591839284 -0.364125486388587 -0.0252040111247223 -0.212126609562323 8.01727411105728
"10" NA 1.40938259484404 0.45534668773231 9.73306297394038 2.80292268622955 -0.236496037007714 9.73583028785126 0.0801824731838528 -0.550710623512792 2.80147702907354 9.7316860725165 2.82434574974349 -0.624149522215399 0.484402076624485 -0.487018632231722 9.7449508627594
"1" NA 0.0285519637349551 0.00316804898462772 0.0482850317920964 -0.00629748077832243 -0.00743601245028641 0.0378093673225002 0.297807299565248 -0.00727980642374611 -0.241662871217432 -0.00708356951572354 -0.320451396092755 0.462120373347812 -0.00662167676182864 -0.00826899391115295 -0.0220765926777021
"2" NA 0.0951432175397113 0.60773621467335 0.0516242229552254 0.251560742140146 0.592959392078647 -0.0326555997723217 -0.0258767533964506 0.593107260023505 -0.03835574492958 0.25062810118005 -0.213076167346461 -0.664352806683524 0.248785294715061 0.592114009730297 0.772693086148709
"3" NA 0.198250313636136 1.38136419640669 0.0834740586213997 0.511787503124134 1.37232492040674 -0.0663366153231549 -0.272570151351161 1.37248425321389 0.157688191639317 0.511766696640225 0.262919280899201 -0.119402002353498 0.512557770305353 1.3714965892787 -0.34726517831852
"4" NA 0.326996037674835 2.14480265042899 0.140307628133453 0.842207929283408 2.1295042326893 -0.0878269131128283 -0.143374587735521 2.12965105837395 -0.0265598611103474 0.84391941246758 0.0939560487242272 0.0968815555220408 0.843956594019096 2.12865730023001 -0.453765147098916
"5" NA 0.443109668716005 3.07200641119835 0.170935933929343 1.09866969471353 3.06922627693806 -0.122519629263708 -0.48736653127629 3.06939811686767 0.273452188260082 1.09931612442321 0.37174951139814 -0.588746272762963 1.09836478318465 3.06841654714123 -0.158872420836103
"6" NA 0.590503045861194 4.07312614106582 0.226020517592746 1.42315026608599 4.07504036311024 -0.144850835093777 -0.117391488336304 4.07522158338184 -0.172145440048938 1.42552495925623 -0.0759072276548147 -0.214381604933157 1.42583008518799 4.07424458431187 -0.144403979184458
"7" NA 0.783351805262645 5.35945965657724 0.294125910563728 1.70956666332884 5.35772271260691 -0.140124507178641 0.320736965558053 5.357896637057 -0.636004913431254 1.71513737976752 -0.690210886359521 0.218091333595228 1.7151847380124 5.35691608303197 0.0616270769516868
"8" NA 0.959277995944387 6.59681530530415 0.351420124753868 2.1203788094488 6.58986240988404 -0.184093445968973 -0.246622293316627 6.59002591173196 -0.112994870121182 2.12301834446709 -0.209889457313502 -0.495761300224129 2.12437477305128 6.58904027919966 0.152645628263068
"9" NA 1.16216868142015 8.05779861025906 0.416840641538757 2.4694345214703 8.05241050027386 -0.199815294210212 0.0152779498668523 8.05257712890245 -0.429488571065777 2.47579885706824 -0.515287598682228 -0.196270833804842 2.47589141425634 8.05159301992236 0.117775169015158
"10" NA 1.38623804699859 9.77515511154764 0.473598474176481 2.82006987789721 9.77081019185236 -0.228268443115456 -0.575215156737377 9.77097890500158 0.149535529491667 2.82519723905814 0.217863232536894 -0.579341594337321 2.82702170175698 9.7699958117228 -0.327996752594117
"1" NA -0.0565862131818705 -0.0151769900991317 -0.0215302731279126 0.00409613029727438 0.0111318485022001 0.0149407821896546 0.450009073536447 -0.468940207208186 0.0148631269349588 0.0168697429883417 -0.412736101746812 0.73957979623865 0.0184306756606476 -0.346299717413689 0.0134810066424
"2" NA 0.0235507248815998 0.000452113711920628 0.613306499365326 -0.0269334944187148 0.645779597531442 0.190091321829917 0.117806791715935 -0.175984085049715 0.649510875964213 0.194727972563107 -0.228493279116748 -0.0985325566483218 0.193754156192297 0.248523152805007 0.648128755671625
"3" NA 0.144449908147203 0.0485291572311617 1.35677132289294 -0.0587705552245821 1.38320399076897 0.515102450404509 0.238413418318796 -0.370191469931389 1.38701688679079 0.51751873099506 -0.650745575445181 -0.191744808391504 0.514368809450802 0.660360804851409 1.38562010989081
"4" NA 0.2562997762614 0.0907189567009365 2.1109189658011 -0.0804757078929888 2.14244998517482 0.777863413302317 0.471299802204002 -0.668142467374294 2.14622887386788 0.783807802390592 -0.829785548161775 0.510028534464652 0.785226874808084 0.0407289143576349 2.14483820388766
"5" NA 0.408302016204841 0.153791332162207 3.11285405571646 -0.0999375545325845 3.15377553164409 1.12731539800003 -0.0794443749932792 -0.113327921834865 3.15739118515909 1.13339480982099 -0.14713373333918 -0.15370624104399 1.13650799131166 0.0138044977758243 3.15602982839368
"6" NA 0.554695604786477 0.199363460042209 4.15416711051605 -0.134018903255943 4.19180009085001 1.44967988709217 -0.117051965533383 -0.143462548057081 4.19546335462529 1.45693690681512 -0.205622682549387 0.0477500958446761 1.4639131341412 -0.240287215277525 4.1940934481723
"7" NA 0.705125489259309 0.239326533698149 5.29769472779748 -0.161027525835869 5.33715792806849 1.72114355540432 -0.161156282345008 -0.151447920634536 5.34082799330945 1.72863207573446 -0.250319197566817 -0.292668927015242 1.73212129651992 0.0774309065022271 5.33945686547244
"8" NA 0.879314696207633 0.299198218554463 6.5087727785435 -0.183893737877341 6.55219066717912 2.06694814502033 -0.0190376372193045 -0.352281412688149 6.55584032802284 2.0757002361263 -0.347421877075804 -0.367919390813597 2.07861022503025 0.182200941380585 6.55447286433772
"9" NA 1.07506212808586 0.348537705197386 8.0390754570194 -0.227756315966091 8.08468043585385 2.44036632513733 -0.214855540619241 -0.230708647767062 8.08826888350601 2.44842020812357 -0.376108012816708 -0.42347292914092 2.45336463792288 0.138440890729407 8.08691241227627
"10" NA 1.31956928838623 0.436369904609581 9.66457254641593 -0.225442241894286 9.70460143666156 2.82516063270341 -0.210845278544169 -0.229888977984263 9.70829190629981 2.8341643207794 -0.254213069088557 -0.430484348118962 2.84542621201684 0.0331476515101138 9.70691711431095
"1" NA 0.0556949870987614 0.0043192425944758 0.0470631730522423 0.0338752497469535 -0.0400227932765241 -0.0141543098135178 -0.315089572612458 0.0325944021414492 0.296067971717264 -0.0445726928282751 -0.0415299300758938 0.281611794012318 -0.438917499829462 0.0325551198284797 0.147541723804563
"2" NA 0.154143439394294 0.0367192589383266 0.687168799443032 0.665972897274064 0.201358562917389 -0.0425195510628224 -0.132300143136907 0.664674458400547 0.0502504324067685 0.199357265002726 0.198217130346998 0.165819437431801 -0.165324324317011 0.664604449754507 -0.109932021067247
"3" NA 0.262744450342383 0.0815557671777568 1.38559662104764 1.36897608708119 0.51211147770283 -0.0747782144015016 -0.0886833266041146 1.36768204602469 -0.0611517181346993 0.516479006115901 0.518326990202041 -0.301553897262447 -0.373756978933842 1.36761971896192 0.454209474909373
"4" NA 0.39379410637545 0.132683230448404 2.22330237822571 2.20270051329908 0.830101740786305 -0.100583402647641 -0.377762299495652 2.20140207442563 0.189693344054789 0.831967342204092 0.832185863695066 0.387991295690626 -0.337553353848442 2.20133206577957 -0.309031314638229
"5" NA 0.506976038151966 0.179245311790239 3.0277900706011 3.02315828449579 1.08413659278781 -0.113653866043332 0.0189673378486302 3.02190089191425 -0.250399532173065 1.09576149127943 1.09385386733011 0.172213462723534 0.201105306288035 3.02190257804539 -0.712111265248361
"6" NA 0.657805525909928 0.222964462020223 4.12022118438557 4.12007227430335 1.39181207924133 -0.14747046849269 -0.268964142824929 4.11882367735584 -0.0182116908329076 1.40292606432077 1.40187653215207 0.0359961113975222 -0.4166934177836 4.11884072665352 -0.0295873772000895
"7" NA 0.814257958855679 0.267334973056783 5.29850546725006 5.29523858894726 1.71464166989234 -0.182723473574062 -0.425024219461791 5.29398559418269 0.0751972976738293 1.72466175108938 1.72791882960387 -0.229902951772735 -0.604134256088023 5.29399496189709 0.317213689457994
"8" NA 1.01092190041672 0.34793698492369 6.53619827417797 6.53521254359009 2.07491131030927 -0.183336903371113 -0.456606152924125 6.53396101476446 0.107499130410613 2.08881805353389 2.09221855873422 0.066141513166192 -0.547232957126137 6.53397294300659 -0.0243744001911388
"9" NA 1.19536005193983 0.386050940184576 8.04083049596366 8.03918187789368 2.42394224793339 -0.234819358670538 -0.48783649988904 8.03792595125127 0.034467079076855 2.44494310337346 2.44900607923237 0.1572495838788 -0.653151267670912 8.03793019791016 -0.155050187736223
"10" NA 1.42866846638676 0.453116897621358 9.75207696539842 9.74841816362428 2.8099201763499 -0.260052922828361 -0.755149827972783 9.74715783916475 0.264581957730865 2.82837454558175 2.82990563583208 0.447585559093278 -0.523802085749053 9.74715440424039 -0.63287258751587
"1" NA 0.124070746163126 0.0692971736619082 0.0619803654689331 0.0310683874819204 0.0364495749592942 0.030293031821798 0.0342592332085205 0.0330277677062396 -0.0804160503090991 0.13678605466485 0.0291074092258189 -0.626419231936375 -0.0440997803319172 0.795116824427099 0.0308844745870616
"2" NA 0.21274230029918 0.0921798862673093 0.709022120724055 0.262664773858591 0.67982893391233 -0.00752839935892816 0.677635867395609 0.258448146435171 0.25396927937527 -0.277216693793445 0.253681230941077 -0.149681257384894 0.375566787631484 -0.262256821924768 0.674258026277957
"3" NA 0.332800040706456 0.142429977755508 1.47791198466896 0.540516687500263 1.44835442641144 -0.0224012985775078 1.44616163237131 0.53925129807058 0.0667125568464376 -0.115260841711978 0.535607293483793 -0.359008442373251 0.0529051659377337 0.249867598213884 1.44278409950327
"4" NA 0.432592390222411 0.174792500002228 2.17681226750087 0.806108540415565 2.1472527817938 -0.0576356503813512 2.14506053270686 0.809185975286701 -0.0812600174233574 -0.0355489495634835 0.804806590515888 0.0900269563822023 -0.113982283530813 -0.173082998678018 2.14168361633805
"5" NA 0.560818193006085 0.220613617325477 3.09074063636861 1.09468763585159 3.07383900640348 -0.0825130062343633 3.07165275180166 1.10346537559489 -0.170827258093256 0.00457281753175212 1.1004548412538 0.00172934456470503 -0.233089186135915 -0.0355051160241507 3.06828261692451
"6" NA 0.723169517786816 0.280020750406482 4.1880104562204 1.39242434896512 4.16780271374678 -0.091193730692829 4.16561509676195 1.39655408444844 0.236101639039247 -0.425417956230159 1.39124473590912 -0.370918811544948 0.311900965478884 -0.213530541463958 4.16224342063693
"7" NA 0.878893327857179 0.327538927074754 5.30469251245466 1.76550108337404 5.28618965849791 -0.138310177925641 5.28400204151302 1.77049227224801 0.365758073953733 -0.651528443541316 1.76546213340283 -0.429471665612656 0.479417309505877 -0.466981317295818 5.28063036538801
"8" NA 1.04267149900496 0.366739049230701 6.60496465931036 2.08905702048754 6.58936620108968 -0.181179130403999 6.58717940153474 2.09715410518878 0.0308035997236841 -0.39451077175654 2.09184350446139 0.0440875548147841 -0.0522834311219363 -0.562230814437747 6.58380865015975
"9" NA 1.26568409336601 0.441557668214376 8.14843109367654 2.4732269405007 8.13108300571292 -0.19575263378087 8.12889566120419 2.48575997850652 0.108822102679202 -0.504005491807631 2.48108639313418 -0.572658803279279 0.442039198237376 -0.452369359116832 8.12552429332828
"10" NA 1.47778343042836 0.499450103861542 9.75630119826734 2.85297632534627 9.74015906542422 -0.230693791828342 9.7379714484393 2.86733463746384 0.0358492990017582 -0.498385108859046 2.86540390949202 0.166411367068247 -0.301754462284552 -0.59194026688176 9.73459977231291
"1" NA 0.00743741660269646 -0.0161913413497479 0.0258481127246034 -0.00203847715078638 0.0402930789733557 -0.0202800346107251 0.0333224603845819 0.0176554796451848 -0.029551803105482 -0.0343927882818946 -0.067289533776056 0.109367368513073 -0.0543155471469544 -0.026435212135533 0.037595430106319
"2" NA 0.0963122447468273 0.0168803160881223 0.663351592868153 -0.0445761520338392 0.68006095952385 0.277642722283352 0.673098147555065 0.149150586565976 0.273541606439941 -0.252108925286772 0.444570829398897 -0.424720479479234 -0.177646907723362 0.276891952071798 0.677376757695904
"3" NA 0.215621615205937 0.0673109713923316 1.38710269450716 -0.0445415338590545 1.40335918108119 0.500868951189223 1.39639480778859 -0.609528200004567 0.492018655503043 0.507803540662295 -0.240575401466026 -0.325483412383632 0.449863028414487 0.499101258663602 1.4006722898456
"4" NA 0.337393790843565 0.117547228722034 2.16816484013066 -0.0686978762618931 2.1889501275178 0.807492191632329 2.1820013674657 -0.291738557240639 0.798536154474979 0.144062457974018 0.0839077013598285 -0.103018988067306 -0.195079776733649 0.804595284020761 2.18629013036091
"5" NA 0.469793319339997 0.167965435191505 3.04060579618598 -0.093252036516466 3.06456124414315 1.11562814030268 3.0576234133587 -0.193396766382687 1.11312781788501 -0.00546908130529024 -0.33091464439934 0.0529974802153902 0.00467496538319701 1.11983028261564 3.06192007284052
"6" NA 0.610419878894655 0.208183923851458 4.10700028695571 -0.125718116550149 4.13503165564543 1.40722839607299 4.12810787677813 -0.27327337820513 1.4063191248895 0.00961805120732357 -0.655287335916068 0.0623214263642633 0.241550444819451 1.41190676466349 4.13241468901382
"7" NA 0.776217493938282 0.268186905415522 5.23378772058159 -0.147578591962397 5.26000756894505 1.75189967978829 5.25307754478134 0.0143381013284629 1.74977129289836 -0.318679439062784 0.290662307784024 -0.569352044746728 -0.172337581764881 1.75660108470084 5.25737984468221
"8" NA 0.937235671987562 0.304435311385028 6.49784808350147 -0.182796590600147 6.5236150517844 2.03330277066269 6.51668346629745 -0.597182308872964 2.03330217731661 0.220547114183471 0.00903284183212021 -0.931262136849526 0.391975076863144 2.04165772360549 6.52098463811342
"9" NA 1.15330105640438 0.379853381996899 8.00404411464241 -0.204162292673544 8.03298124349453 2.44404868962538 8.02606058727495 -0.338014716583885 2.44309398546103 -0.0783180550051789 -0.0756586294695653 -0.462115075889988 -0.0667564591242616 2.45388702219579 8.03036965567886
"10" NA 1.40452847938238 0.458596177747995 9.74797589111867 -0.219146119184374 9.76559101793963 2.84621032855732 9.75863132861992 -0.395474955954455 2.85174278416634 -0.0531290671153447 -0.640523205822059 -0.400618967107818 0.418632789428423 2.86527216748492 9.76291219492649
"1" NA -0.0565862131818705 -0.0215302731279588 -0.0151769900991719 0.00409613029727438 0.0111318485022001 0.0149407821896546 0.513192009405102 0.0134998143976119 -0.531031191420956 0.0121354600676139 0.518285715993781 0.016428207629623 0.0184986644843043 -0.320969915167133 -0.204213640277154
"2" NA 0.0235507248815998 0.613306499365305 0.000452113711863288 -0.0269334944187148 0.645779597531442 0.190091321829917 0.0846328069210522 0.193217459015455 -0.144872374656483 0.646783209096869 0.499360029351687 0.651075956658868 0.202204438558016 0.0548259491812738 -0.660539694122821
"3" NA 0.144449908147203 1.35677132289293 0.0485291572311256 -0.0587705552245821 1.38320399076897 0.515102450404509 0.187338665685712 0.517170647251018 -0.318188636931527 1.38425691421111 0.136769275754136 1.38854862455074 0.523086250258784 -0.321006545109821 0.0144230516315548
"4" NA 0.2562997762614 2.11091896580109 0.090718956700905 -0.0804757078929888 2.14244998517482 0.777863413302317 0.417755178782941 0.777980002741848 -0.605038737069743 2.14348236200168 0.494109469440607 2.14777450451733 0.790251627684696 -0.696565738246267 -0.0612858977749686
"5" NA 0.408302016204841 3.11285405571645 0.15379133216217 -0.0999375545325845 3.15377553164409 1.12731539800003 -0.237244611168838 1.12873292489045 0.0460114393967581 3.15470928471756 -0.267846383918762 3.1590035016779 1.13963020572248 -0.0118834817275743 0.0163058099733896
"6" NA 0.554695604786477 4.15416711051601 0.199363460042194 -0.134018903255943 4.19180009085001 1.44967988709217 -0.193366915275871 1.45074886240319 -0.0702089797474918 4.19276260918495 -0.432933798844437 4.19705622109889 1.46890965138017 0.0146621852854497 0.0599947113953301
"7" NA 0.705125489259309 5.29769472779744 0.239326533698098 -0.161027525835869 5.33715792806849 1.72114355540432 -0.0949481883728999 1.72237987313621 -0.229799917280578 5.33812455572647 -0.0653221810374814 5.34241808120524 1.7367422107554 -0.377450651078855 -0.0193160739025422
"8" NA 0.879314696207633 6.50877277854348 0.299198218554467 -0.183893737877341 6.55219066717912 2.06694814502033 -0.000172612937880707 2.06908563491529 -0.377460848183688 6.55314496686792 -0.0746336494608938 6.55743875165224 2.08593732721565 -0.710926240229538 0.254919128616584
"9" NA 1.07506212808586 8.03907545701935 0.348537705197328 -0.227756315966091 8.08468043585385 2.44036632513733 -0.270889493122928 2.4396590704423 -0.180019438998986 8.08559775163505 -0.307845179860001 8.08989231433623 2.46013181527026 -0.468570987716072 0.131820552655031
"10" NA 1.31956928838623 9.66457254641592 0.436369904609646 -0.225442241894286 9.70460143666156 2.82516063270341 -0.291255848564785 2.82502271797669 -0.154091108749326 9.70558039228866 -0.367958580820333 9.70987365846179 2.84460793558513 -0.641599481030258 0.380911773128634
"1" NA 0.00743741660269646 0.0258481127244483 -0.0161913413499077 -0.0202800346106446 -0.00203847715070744 0.0402930789734451 0.0168882102201725 0.0333774138425708 -0.0335230252896355 -0.0294938162289159 -0.0175542313245125 -0.380322943624225 0.0445907623909277 -0.243969820029324 0.613087903128054
"2" NA 0.0963122447468273 0.663351592868108 0.0168803160879635 0.277642722283427 -0.0445761520337471 0.680060959523701 0.149191928381317 0.673153100566867 -0.252145440984968 0.273599592605044 0.281059694237583 -0.00435067243300295 0.684366780533019 0.0129936607486545 -0.123734156591517
"3" NA 0.215621615205937 1.38710269450681 0.0673109713921686 0.500868951189298 -0.0445415338589782 1.40335918108137 -0.60881946329054 1.3964497608895 0.507535105017317 0.492076641934953 0.503109450695673 -0.618999464620713 1.40766337457208 0.713846324833452 -0.193118300459909
"4" NA 0.337393790843565 2.16816484013035 0.117547228721874 0.807492191632406 -0.0686978762618088 2.18895012751802 -0.291534507313411 2.18205631967443 0.144102744275359 0.798594141040281 0.81166816689371 -0.105611220085444 2.19327059619235 -0.0498082116790974 -0.0318349034536678
"5" NA 0.469793319339997 3.04060579618607 0.167965435191343 1.11562814030275 -0.0932520365163847 3.06456124414262 -0.192787585388224 3.05767836494276 -0.00590368532583974 1.11318580471712 1.12410683521882 -0.670988458834195 3.06889310544553 0.302197158032137 0.10945612882401
"6" NA 0.610419878894655 4.1070002869563 0.2081839238513 1.40722839607307 -0.125718116550068 4.13503165564549 -0.272086042448066 4.12816282755829 0.00863390343164931 1.40637711167712 1.4178007744438 -0.214032109257594 4.13937816461355 -0.00273850050259357 -0.138953813070466
"7" NA 0.776217493938282 5.23378772057957 0.268186905415357 1.75189967978836 -0.147578591962288 5.260007568945 0.0142726759363607 5.25313249591835 -0.318589969882466 1.74982927933024 1.76219864562322 -0.47094586632947 5.26434756784053 -0.18495034576492 0.225709247504979
"8" NA 0.937235671987562 6.49784808350134 0.304435311384872 2.03330277066277 -0.182796590600043 6.52361505178424 -0.598195118401618 6.51673841752335 0.221910223000608 2.03336016410427 2.04453116785265 -0.105597646460456 6.5279534231613 0.338082626349742 -0.734986169891839
"9" NA 1.15330105640438 8.00404411464223 0.379853381996731 2.44404868962545 -0.204162292673497 8.03298124349415 -0.337020530687451 8.02611553787821 -0.079116174633059 2.44315197207083 2.45776740885632 0.07487251810971 8.03733100749883 -0.00411646881012646 -0.644446304626429
"10" NA 1.40452847938238 9.74797589112026 0.458596177747837 2.84621032855741 -0.219146119184243 9.7655910179399 -0.396216154677562 9.7586862814526 -0.0521726559467097 2.85180077086504 2.86946255184948 -0.519812586807431 9.76990009398466 0.0764911767674236 -0.189708701143669
