"1" NA 0.134422141890199 0.157191388523292 0.0888502137137238 0.0581752868921086 0.0417097812315628
"2" NA 0.0117186373777614 0.0126471797920723 0.00842697320657513 0.012238947591555 0.0101707316097487
"3" NA -0.0121265485837425 -0.00508164889140009 -0.00471116573322729 -0.0100845435716784 -0.00611654109113091
"4" NA 0.00449146289222584 0.00837358493991386 0.0105055235108381 0.00963559707848737 0.00954320299197373
"5" NA 0.0231325813745463 0.0184612843611552 0.0095962176645785 0.00629616830296627 0.00848957798258461
"6" NA -0.00255731228501234 0.00182272136856451 -0.00534609383915124 -0.00401941504465652 -0.00401047761755873
"7" NA 0.00120520912870349 0.00340159369985169 -0.0027060169647971 0.00458098688924991 -2.4083003608309e-07
"8" NA 0.0111663619907605 0.0126552649177885 0.00860390129781202 0.00886199485512577 0.0090401359693799
"9" NA -0.00653800327827117 -0.00278675848453859 -0.00295087690597482 -0.00180395635105574 -0.00276835145503038
"10" NA 0.00729992279190365 0.00778459038717515 0.00786966267498664 0.00508077563361608 0.0084867128617216
"11" NA -0.0118215390247522 -0.00658499475621286 -0.0119006034627216 -0.0077532990745739 -0.0113483903140037
"1" NA 0.0892358096485765 0.120079915343808 0.0406012399257 0.025386044151976 0.0407850575751408
"2" NA -0.00151422023216863 0.000781059602602362 -0.00035364573974646 0.00102044818167045 0.00129787472017031
"3" NA -0.0127520299737645 -0.0100335568736777 -0.00842885830208305 -0.00988210694411222 -0.00498395070181778
"4" NA 0.00769649678783763 0.0105185975681903 0.0111280749481202 0.0102282817398444 0.0120574251235395
"5" NA 0.0116699606135687 0.00691573249450367 0.00426371204451137 0.00468102736724186 0.0055100886782338
"6" NA -0.00977549982194242 -0.00768784931028743 -0.00713217412372911 -0.00614294070934961 -0.00848008012227549
"7" NA 0.0142282734818978 0.0155417712921248 0.00747313634213232 0.00788343918999444 0.00954518362410816
"8" NA 0.00189819472799555 0.00512237176358417 0.00482623676788125 0.00548018110934811 0.00904736071300383
"9" NA -0.00721223540387067 -0.00743024506356103 -0.0129209505887127 -0.0107116677101438 -0.01243127149502
"10" NA 0.011572775588792 0.00879136027869429 0.0104433616608605 0.00819559964309933 0.00743562159355908
"11" NA -0.00852102821309918 -0.0128510444160109 -0.00719400898163444 -0.00606489661188025 -0.0129083054908079
"1" NA 0.1239652703258 0.126025628897478 0.0547884558705468 0.039158112934869 0.0328602404441078
"2" NA 0.00179528870841122 0.000998506170150399 0.00461882500168695 0.000309331862893367 0.00176307707093697
"3" NA -0.0113924513342086 -0.00987411168513232 -0.00856274171702493 -0.00586422974600525 -0.00709908318055281
"4" NA 0.01287035211051 0.0117858490274819 0.0067970888468246 0.00647311878308609 0.0054610674053767
"5" NA -0.00205351409642932 -0.0017288745471349 0.00313126291107499 -0.000824066032331686 0.00159820699020519
"6" NA -0.00994241665354309 -0.00648994725293524 -0.00678896306939339 -0.00220027122927845 -0.00412092448648023
"7" NA -0.0053224592088836 -0.00562160898371546 0.00319583019011784 0.00359991369208131 0.00330389978677303
"8" NA 0.00527999577019214 0.00440202854337897 0.00894629981563663 0.00710464065664349 0.00832700535644542
"9" NA -0.0120666183666255 -0.00565677663083094 -0.00595793373954238 -0.0101111777844338 -0.0086193560351574
"10" NA 0.00857684221034035 0.00845263061311854 0.0077968175124334 0.00923598061342351 0.00908092424070422
"11" NA -0.00969557186874942 -0.0107253448889609 -0.000736573998405333 -0.005885043373235 -0.00431722143010365
"1" NA 0.0865613748368596 0.110600269945344 0.0513641419397732 0.0313039928434176 0.051100714500883
"2" NA 0.020215999955732 0.0166560066004209 0.0123698993927507 0.0157302298431032 0.0136955715562888
"3" NA -0.00994627416529119 -0.0159579677924836 -0.00890489327384339 -0.00970255439662229 -0.0123780375761663
"4" NA 0.00395605181139396 -0.00209803010140003 -0.00041990469369669 0.00271216990382314 0.000105445039399836
"5" NA 0.0187013319501215 0.0142544812165902 0.00793358587944894 0.00571529715436813 0.00814025382574806
"6" NA -0.00524697738669644 -0.00854883926478302 -0.00498352314058414 -0.00682001726859512 -0.00203817784961012
"7" NA 0.00979273253725103 0.00852539665949813 0.0104278709559024 0.00807338528504341 0.00834991117314805
"8" NA 0.00778958374986885 0.00422879935244039 0.01045335430402 0.00792648033013018 0.00875266405947475
"9" NA -0.00980114784183741 -0.00429500218232756 -0.00255032987584969 -0.00309347214891381 -0.00323000785339338
"10" NA -0.00223420803165359 -0.00243707693683656 0.00493265780320505 0.00446414266786221 0.00471207805331682
"11" NA -0.00521237271650365 -0.00372624785438608 -0.00501484247201615 -0.00858645599876778 -0.00163843763397059
"1" NA 0.0747396081723916 0.111262996049808 0.0478857959693276 0.034308269222053 0.0393318207619193
"2" NA 0.0126866360018849 0.0101710372123275 0.0071277204382736 0.00681724855846287 0.00661768308083726
"3" NA -0.0177316667944289 -0.0179774258129081 -0.00861197932788423 -0.00724801996950232 -0.00612586303952102
"4" NA 0.00405590685497205 0.00470535659755858 0.00132007153915315 0.00250801379226416 0.00434247738707238
"5" NA 0.0013076508136242 0.00775903490093165 0.00617949609203788 0.00665324910340752 0.00641369854346389
"6" NA -0.00248183221040161 -0.000433312963873319 -0.00251741890941712 -0.00313423988976444 -0.00515886841686478
"7" NA 0.0173870398473126 0.0177595378721304 0.0141921983878973 0.0143322753311952 0.0148108672102
"8" NA 0.0059020822820141 0.00614647918482836 0.00770086327698953 0.00779475181242532 0.00152990220186487
"9" NA -0.0260571997851795 -0.0197396920362311 -0.0119372625354949 -0.0130138033217164 -0.0116862094037842
"10" NA -0.00636836359254902 -0.00450486219471218 0.00267768726286297 0.00339265014628252 0.000233358253209983
"11" NA 0.00622027815760534 0.00511726400033419 -0.000762128929236599 -0.000573759726844521 0.000507540687494407
"1" NA 0.0772650138321179 0.103324318618844 0.0481770990419682 0.0378793832382322 0.0375266412315797
"2" NA 0.00301324669765603 -0.000793944238112514 0.00332674034279578 0.000766338518153935 0.00300179420175639
"3" NA -0.00386180095358619 -0.00608020189179701 -0.00567331936256369 -0.00449337438668578 -0.0022869579135413
"4" NA 0.00586411412901226 0.00330776369095553 0.00524265183084591 0.00635052893376912 0.0090312665826753
"5" NA 0.0206564240326763 0.015066591675442 0.0103924284552825 0.0108892709447701 0.0125262892683658
"6" NA -0.00947273330117104 -0.00881934107556417 -0.00442040748259459 -0.00142070698751016 -0.00321044210016256
"7" NA 0.00810239117968328 0.00765008947550689 0.0101028353717556 0.00831517469299086 0.00521426237579866
"8" NA 0.0104216222920664 0.00536850310747961 0.00658347573766237 0.00668389287323622 0.00546357298511366
"9" NA -0.00494018500117334 -0.00486888847685566 -0.00767863427742251 -0.00542798981300624 -0.00362236421898813
"10" NA 0.00447471513005272 0.00963192598939276 0.0111991727137562 0.0114246716640433 0.0112627681746313
"11" NA -0.0147906516374727 -0.0166523230498938 -0.00758516569532764 -0.00849794793577685 -0.00972393104785158
"1" NA 0.115385389522769 0.126331913204025 0.0541301477079359 0.029834313298406 0.0438507957073186
"2" NA 0.00027480628167326 0.000878060661064654 0.00596499261034797 0.00398671778440414 0.00458436702196957
"3" NA -0.00390307361779437 -0.0022743756241242 -0.000399241392694914 -0.00139349395377886 -4.53464799745819e-05
"4" NA 0.0150664766585846 0.0087172803285568 0.00782519657218213 0.0078187179937261 0.00601163397175436
"5" NA 0.016607909137868 0.0164758783852404 0.0126223319712573 0.0132360493878886 0.00960161075213044
"6" NA -0.000582338078286483 -0.000279265172028736 -0.000776059872867904 -0.00343061045660598 -0.00157846765171122
"7" NA 0.0157820746861639 0.0085203067255591 0.0063140465459993 0.0107193100052867 0.00464299523140094
"8" NA 0.0115969298427605 0.0100158033096745 0.00388829553052082 0.00340905021617268 0.00329561218540541
"9" NA -0.00404099752334336 -0.00164581563242077 -0.00199623147940691 -0.00357918344624034 -0.00168692293325789
"10" NA 0.000749189369668465 0.00699739527450309 0.00711651050028739 0.00512135111034942 0.00399021901238947
"11" NA 0.000719570280565928 -0.00347220678934724 -0.00651049041392793 -0.00145490657615661 -0.00681490983087556
"1" NA 0.10504356818373 0.129793844191889 0.0604708918350746 0.0437328913267492 0.0382662264791599
"2" NA -0.00567035386815052 -0.00364157586741716 0.0035805916376261 0.00513572557753663 0.00353934231398005
"3" NA -0.00361622405612773 -0.00304227376832204 -0.00460499909498724 -0.0074502544672534 -0.0085267397501079
"4" NA 0.0111896642983262 0.00533244466974761 0.00260369172070663 0.0013613666216118 0.00240013325148208
"5" NA -0.00228716413705373 0.00158426524023519 -0.00114364920376966 0.00224798047227838 0.000315209951916339
"6" NA -0.0067730807035961 -0.0107284735937754 -0.00913298539569566 -0.0105688768583613 -0.010146689393483
"7" NA 0.0247364262692601 0.0182268180751225 0.0145544464575516 0.0138448276168917 0.0137642108170997
"8" NA -0.00339519022401511 0.00392899383123988 0.00802886161552467 0.0102742853329379 0.0109207437189302
"9" NA -0.00442906668669895 -0.0103332631232306 -0.00944074655349394 -0.00689313951282282 -0.00534634236167689
"10" NA 0.000618898235864088 0.00419157633672096 0.000927964925258511 -0.000318634682692763 -0.00142132846394124
"11" NA -0.0164311737021938 -0.0158976971834842 -0.0114724887059888 -0.0102380383726262 -0.00822944236489073
"1" NA 0.109172289974241 0.124937869983744 0.0519583494346092 0.0507757962126755 0.0364261950350249
"2" NA 0.0207619957513071 0.0103001787056594 0.00848345977809303 0.00807642981858804 0.00687259315754597
"3" NA -0.00385434079805363 -0.00410119300317578 -0.00535993149901641 -0.00540224426854165 -0.00292929104298595
"4" NA 0.012399175813866 0.0148855274835688 0.00864660381827524 0.00706445486965484 0.00592160927098595
"5" NA -0.000103496966340203 -0.00224019996324502 -0.0016618259188486 6.6772969170587e-05 -0.00318145102986278
"6" NA -0.00748749005461962 -0.00111372458574309 -0.00396181574633991 -0.00339050050246223 -0.00492976042262541
"7" NA 0.0186497141510301 0.0156873949705236 0.0156688214534036 0.0160217441356288 0.0107943672565504
"8" NA 0.00259561832126159 0.00809994932253677 0.00667169707884026 0.00576732317608979 0.00745051253319259
"9" NA -0.0149659407272885 -0.0113318810284651 -0.0152182580242128 -0.014251482536556 -0.0150051282283842
"10" NA 0.00401366521570089 0.00370385298604583 0.00644155647135851 0.00607079664526841 0.00183133026490515
"11" NA -0.00372717357226063 -0.000246091976159406 -0.000200509808696332 0.000860378867072201 0.000189619471313702
"1" NA 0.0855536980827246 0.104818701528623 0.0333954308952691 0.0353632736358279 0.0309859311273046
"2" NA 0.0138666463247642 0.0105074603900445 0.00588874725818305 0.0087064654193917 0.0054688500045391
"3" NA -0.0210908583327618 -0.0191661337461747 -0.0170013397437789 -0.0137611422772438 -0.0121649880958885
"4" NA 0.00220638179648898 0.00111283482959299 0.00872652843654712 0.00972529871658731 0.00647662496758887
"5" NA 0.00926443723462178 0.00820375092101467 0.00469615387131633 0.00306071540773325 0.00542090563434875
"6" NA 0.00225977162332658 -0.00457381794616398 -0.00432660585595885 -0.0054754809208031 -0.00432943714293899
"7" NA -0.0117033282874991 -0.00673880711363559 -0.00295697634364266 -0.00637065978768607 0.001098745852681
"8" NA 0.0242305399382186 0.023086680850106 0.011373291580317 0.0102602570308386 0.0104767339076341
"9" NA -0.0031320508170827 -0.0065006561088003 -0.00810301283851906 -0.0134064040911795 -0.0139487813463213
"10" NA 0.00264839785485615 0.00659447402543652 0.00800895056617622 0.00502173948638409 0.00708400002266155
"11" NA -0.0149753776650652 -0.0178917749272553 -0.0123471140498278 -0.0104907289301344 -0.00988339259390916
