"1" NA -0.109693841472635 -0.0374891962096544 -0.000943079937260193 0.00583942388090574 -0.0550270324759466 -0.0180022039276494 -0.0980774229353461 -0.0153707772625845 -0.0733854395909274 0.0103534925244991 -0.0694005086987529 0.203754597119925 -0.156486940431623 0.013344559457636 -0.044277249087366
"2" NA -0.0258832050186237 -0.0207216582997339 0.702242329205731 0.711366922850404 0.306283984069457 -0.0996756599135899 -0.234031732750875 0.690151561121725 0.286128441308809 -0.0236157462796462 0.185051864805274 0.0703300934188852 -0.498021060318317 0.71879582011745 0.315847172728952
"3" NA 0.0783068611766075 0.0204895425663724 1.35725529757091 1.3687219810421 0.463047631775064 -0.09214861238062 -0.468582481927741 1.34750145872821 0.441083943745282 0.190190595146732 -0.772673041120484 0.0582644311669596 0.424353187056103 1.37607463999944 0.471029581297835
"4" NA 0.255522964861965 0.142574342327215 2.12657445132954 2.14506740428027 0.823573079026745 -0.0371859591200922 0.270715996638299 2.12383140021077 0.80063183826201 -0.333501125931672 0.596443204386015 -0.505525049804028 -0.155428872259339 2.15219134830849 0.825744557616982
"5" NA 0.396111812950388 0.196745325069516 2.96498965857269 2.97879843187037 1.11353309745006 -0.0513870250694578 -0.39409066173729 2.95757274897127 1.09413496522253 0.202102710481921 0.320927963817171 -0.38963119937073 -0.0522523922308087 2.98607485251801 1.12219205830283
"6" NA 0.494450137560606 0.19005742348099 4.04053779055573 4.06137283333297 1.40047031692462 -0.142302402651208 -0.0762288024667847 4.04013166867824 1.3836326451372 -0.235767990736986 -0.300536266544691 -0.565065955541275 0.42566212627251 4.06842053905146 1.41364285104999
"7" NA 0.670782290894864 0.271220035566796 5.13734335829444 5.16286258072462 1.73574960207214 -0.133075385775465 -0.682051513654707 5.1416110948995 1.71840564683986 0.295304108334581 0.198207891115737 -0.824300365723441 0.234131839825626 5.16975780982376 1.74779745545811
"8" NA 0.889762006331513 0.34294522602226 6.60167936960127 6.62251441237845 2.14728529014449 -0.159442661707626 0.00914562166149099 6.60127324772378 2.13210508252978 -0.339275437425391 0.013362534355568 -0.104452575424998 -0.344014377870485 6.62956211809699 2.16622583340217
"9" NA 1.038383470989 0.341127435054807 8.10425413488344 8.12040499800766 2.47911179832359 -0.255918226766546 -0.735939416047916 8.09917415452329 2.4628682156869 0.114994988459084 -0.361549733641757 -0.509381543652049 0.108150781196814 8.12760518034557 2.49697978843958
"10" NA 1.25454219913161 0.407942869350945 9.63252873605991 9.6486795991841 2.92218775558166 -0.297274967552804 -0.375164083615662 9.62744875569978 2.90635883926717 -0.26637170601442 -0.41419047156022 -0.578600585626147 0.106355747961295 9.65587978152201 2.93951091630117
"1" NA 0.105143002401931 0.012073045427683 0.13931393342063 0.14121841431717 0.00674086177923044 0.00409048688220741 0.135356406308811 -0.0119317870266916 -0.0638659900315303 0.0718573160165663 0.00409207339541609 0.388077206638151 0.14057404670734 -0.269046918538474 -0.0942816453666515
"2" NA 0.138007836279225 -0.00443277697772056 0.598869685531138 0.598035173965162 -0.0741797216362506 0.208284419412952 0.59214281072846 0.221484334133362 0.539496246573743 -0.739669424046471 0.221226649600401 0.563865955098362 0.597360648699093 -0.129566700801724 -0.688917802165798
"3" NA 0.319932068006757 0.127306255222529 1.33833064287068 1.34845210115474 0.00546784340409364 0.521194864468512 1.34268115883144 0.529761293997335 -0.174306534936513 0.175549881001129 0.532103746240872 -0.163930347895497 1.34789820651362 -0.315115029185529 0.522948809942439
"4" NA 0.40217422039207 0.110374397693779 2.189623966305 2.18605046227652 -0.0940057092089965 0.784375707347547 2.18012774381146 0.782497391365753 -0.415931257066973 0.234502774962981 0.783089596655269 -0.398938150969208 2.18534577935419 -0.283717590815301 0.438484426827022
"5" NA 0.538858082558632 0.180604349628041 3.08319791536215 3.09605836610869 -0.0979109587818478 1.11265101070171 3.09031777901374 1.104234925605 -0.29886990856956 0.111059182676951 1.12045927902755 -0.0263560236292636 3.09553462912378 -0.409708964816433 0.17014931511294
"6" NA 0.680812207146362 0.226280367801171 4.02107504443688 4.03119650272097 -0.100673567787393 1.32024774623082 4.02542556039765 1.32874596008631 -0.381265514462967 0.183787346601316 1.33085743995411 -0.268671467392198 4.03064260807982 -0.279046095349002 0.272728018213356
"7" NA 0.885897384817801 0.324809448624066 5.16752010543409 5.17216357879314 -0.104332884679023 1.77024477617193 5.1663319260131 1.77474431684968 -0.194956885283877 -0.0119584226650382 1.78095388753689 0.00384311221091055 5.17154936883954 -0.563584456281157 0.290162313045467
"8" NA 1.00390615948651 0.290798238252471 6.68899872208766 6.70459816529672 -0.209265746014683 1.97653332815673 6.69888793343015 1.99153452447299 -0.230509638300543 -0.192642968914462 1.9829327923083 -0.465027931760728 6.70410458596808 0.108762438568903 -0.267869195329469
"9" NA 1.22346273686936 0.37856066270935 8.18292761736012 8.20400504549418 -0.249509458705932 2.50691529336072 8.19835552408427 2.52568026973401 -0.316894619219042 -0.181199517350019 2.52144289697432 -0.88303822449849 8.20357178147807 0.471719691043823 -0.350655002247496
"10" NA 1.51751367879175 0.507657061661574 9.82040953952489 9.82779200534649 -0.194656488113688 2.88634558092966 9.82199070779488 2.9016379719671 -0.407989841279447 0.0315972773891043 2.90859562928502 -0.372803303449667 9.82720795304915 -0.0120308627940689 -0.191368462715805
"1" NA -0.126459986901924 -0.197441572980913 -0.0760239452192663 -0.189938050676069 -0.0946888860741692 0.00973040258086729 0.0185772700474824 -0.291589116177407 0.114229644404771 -0.174911934559477 -0.23409460761026 0.296728858779434 -0.193041866964887 -0.356327819551337 0.00123099204044436
"2" NA 0.00793715459964276 0.57309478062431 -0.00715347070523234 0.580598302929143 -0.0364543048937903 0.121348970365708 0.13826422880658 0.0397256533653277 -0.0776886088867953 0.59562441904574 -0.388241461753603 -0.235483536499331 0.577494486640327 0.510446986835895 0.120890984983132
"3" NA 0.125466555419574 1.30622224401188 0.0445538792302931 1.31960412616378 -0.0846939370797875 0.519892205279205 0.539765790252406 -0.499845539158542 0.315644425718488 1.33466921122776 0.0953731728417004 0.262329191921406 1.31651222311992 -0.629526057205486 0.522392546428984
"4" NA 0.262398416106715 2.11628986893518 0.102826276456536 2.12379339124003 -0.112702849629005 0.876118031830472 0.893169122591698 0.0937018344043533 -0.26976048569281 2.13881950735663 0.318080915204184 -0.644974178378459 2.12068957495123 -0.00839455200164811 0.875802620222358
"5" NA 0.356253217150256 3.07244026584885 0.112470258040723 3.10345722754179 -0.151900668591303 1.05671262255782 1.07442707461793 0.183698294388791 -0.425238220065872 3.1186392194479 -0.0100118421000566 -0.533035372873183 3.10040106423277 0.0880160348321928 1.05705383079449
"6" NA 0.52921304849299 3.98616893827612 0.194100371915401 4.01130754012204 -0.125815258930524 1.32379460753699 1.3365390200403 -0.531515551048051 0.271405332548075 4.02645056308076 -0.0770954023203995 0.0368458862899091 4.00823946356805 -0.342263293485589 1.31919948348732
"7" NA 0.68305468497852 5.30803657917286 0.210428139708141 5.31260092155416 -0.197369263673175 1.6465494435602 1.66677837851602 -0.533164901770037 0.133550199554253 5.32760755319711 0.0309219467275768 -0.0127311271907712 5.30949114864288 -0.62167405837882 1.64943210050897
"8" NA 0.910562142393745 6.71316929595087 0.314821547619058 6.73536871787326 -0.184755765019633 2.06943737101325 2.08864895843204 -0.362692375485036 0.00533137810743615 6.75049225635828 0.430617260177103 -0.248117581210337 6.73229468469678 -0.742190220432138 2.07130268042498
"9" NA 1.09534137009624 7.95555742852185 0.373066606321936 7.96012177090316 -0.228663520950504 2.48071313417852 2.49793971960555 -0.505088431931049 0.0520004913860077 7.97512840254608 -0.638449088363666 0.277991181943642 7.9570119979919 -0.336475241723842 2.48060018305258
"10" NA 1.32894362763838 9.73982065484096 0.440817535279978 9.75026335706928 -0.259298660150845 2.89426283928088 2.91293996729586 -0.215268501427441 -0.267130716844076 9.76530895765951 0.102422336107951 -0.673697330204223 9.74716549740299 -0.201159518088355 2.89558020638066
"1" NA -0.131450201015494 -0.0450051558631715 -0.0301495480157007 0.013906969461106 0.0548413633793644 0.0247787065746015 0.0291725376528988 0.13843245175572 0.00808091652236675 -0.120318839037365 0.0232955704575896 0.464868859265301 -0.258946151286735 -0.00107871996247141 -0.255007021503949
"2" NA -0.0419708352883391 0.578869844803982 -0.00237849315254819 -0.00923899579972898 0.260728222633406 0.640054990519801 0.243231643380935 0.121834187912025 0.623639741312607 -0.152312413297153 0.23737633025934 -0.245767950452681 0.524346794251128 0.61435061346691 -0.36598897257043
"3" NA 0.0669142404299588 1.25832712978551 0.0396131432860765 -0.0409980015666794 0.552954725585415 1.32237851440865 0.544456138489177 0.00696086134374093 1.30586908491979 -0.114710266195239 0.5385142090727 -0.311693351199286 0.215467465469234 1.29662312086103 -0.0839467107750542
"4" NA 0.143666239318618 2.16867912131947 0.024908429816138 -0.143495340804704 0.844331494370487 2.23273050594263 0.839798494051598 -0.343860150534576 2.21622107645376 -0.00117191013693807 0.833878218708854 0.0250943773870698 -0.369367093286875 2.20697511239499 -0.167234011681345
"5" NA 0.326253785123414 2.98324270958936 0.148931505811444 -0.0658198041466705 1.13203699717936 3.07022400547101 1.12097181696981 -0.000946845956986522 3.05296113372874 -0.149735360865823 1.11507319570077 0.464752761835943 -0.514822120909389 3.04406047996562 -0.243555922180136
"6" NA 0.44968599004944 4.06927471200731 0.160746141497045 -0.123882537825555 1.38349273028811 4.15052353007433 1.37512000284549 -0.0270896099311078 4.1334490188954 -0.235301829559076 1.36919972750273 0.303495698187667 -0.394171248000502 4.12446203755838 -0.372276555567949
"7" NA 0.587455147224874 5.13595002611357 0.187144940132865 -0.193441772896334 1.74003771320312 5.20286764964401 1.74779078957971 -0.0867284550517542 5.18626403987345 -0.319747397884492 1.74182720608952 -0.136232910740124 0.0366022374489805 5.17706123960168 -0.563948580184866
"8" NA 0.824235790148255 6.61906606029807 0.286609381962561 -0.192967446782848 2.18586478067116 6.68311744492117 2.18056223096944 -0.436011117104054 6.66660801543237 -0.00567413306983974 2.17464195562668 -0.0410541390420854 -0.699794832927016 6.65736205137361 0.100060501469733
"9" NA 1.00394712147024 7.96612331203959 0.335450101969279 -0.210439648772202 2.46482451475696 8.02730845775542 2.46054234977828 0.577115209471823 8.01089320854821 -0.918837580063416 2.45462207443553 0.262064739324692 -0.0467733787717961 8.00160408070255 -0.942183313990172
"10" NA 1.27965052310017 9.70962134483617 0.44806521124736 -0.193869835454813 2.9107358828656 9.77080649055191 2.89858722520019 0.0149608747965506 9.75439124134478 -0.392238915596381 2.89266694985744 -0.113427185858047 0.291387117801732 9.74510211349907 -0.821283312073921
"1" NA -0.104578338330764 -0.126641598011254 -0.0324405985810729 -0.0254878622093922 0.0274147526217242 0.0601154696137442 0.521327935200304 0.0334498824621452 -0.0203055437029625 -0.329247778902489 -0.161439947796463 -0.0304494770274191 0.380895662544644 0.0302666890170231 -0.0692729520116746
"2" NA -0.0192942486372356 0.546172158183359 -0.0129215049154648 0.652400935092518 0.294059749121418 0.00617647924544859 -0.224524682174562 0.305531643576904 0.657606029663003 0.212601349150804 0.354580016332641 0.647460159660819 -0.0787722436665456 0.290235782977254 -0.201171628183125
"3" NA 0.101068640463406 1.30292131704379 0.0402833543361085 1.39301474289021 0.511630007214873 0.0140611275817197 0.453382444655786 0.520168350684464 1.39821983746067 -0.353079517145352 -0.118462087232981 1.38807396745849 0.810617064636672 0.518408408978883 -0.6024860720766
"4" NA 0.203046807601926 2.1418382281534 0.0495831586073501 2.24465352757366 0.843824415737405 -0.0746889249612725 -0.301535312363331 0.860589223736125 2.24979029395197 0.131163692296897 0.327438098949767 2.239650233983 -0.46599884668194 0.837713046284931 -0.0431014546053413
"5" NA 0.339563115091222 2.95717386086557 0.118267420748979 3.07142980304564 1.05021556237543 -0.0468763524567235 0.119377085917348 1.05227460802319 3.07663489761612 -0.170015647370586 0.605598665647868 3.06648902761393 -0.400998567446609 1.04190647377034 -0.240280828662019
"6" NA 0.49753571682981 3.89391170991702 0.187031257048051 3.99979387880398 1.51593077898453 -0.0941329747255662 -0.406390395494003 1.54466943391934 4.0049078691182 0.18497641901701 0.572901457666941 3.994769745827 -0.294997716497297 1.5234698000731 -0.440327430067949
"7" NA 0.626123690780798 5.15260665261466 0.178931674698775 5.25503371767728 1.73528883686908 -0.169202926944495 -0.239658383940251 1.74334100837204 5.26012493192747 -0.0845508020464148 -0.239621749598581 5.24998874531397 0.0483052244558382 1.7389651448878 -0.301477340040529
"8" NA 0.845266879548786 6.47455305987278 0.282784280029135 6.58770906781177 2.05007334930189 -0.12740196761182 0.190375889070673 2.0717995761657 6.59289138631821 -0.382068203718151 -0.430983806696643 6.58274745299374 -0.399841334401601 2.07215312553113 0.345841727163829
"9" NA 0.992234424005969 8.08732377813586 0.273828925813205 8.2019115413372 2.4840826249689 -0.265555846717412 -0.0280192455810562 2.51160023378252 8.20716218803581 -0.449153720270196 -0.246882685899688 8.19701244467811 -0.598896251914743 2.4962298386656 0.0242281951221609
"10" NA 1.27880556250916 9.64461420421008 0.414086678926805 9.78336323277012 2.83441130768392 -0.190241221459669 0.129607972395458 2.86806020595376 9.78859110340464 -0.445603424181381 0.11434596957529 9.77844329672475 0.0239788383151402 2.85974760460635 -0.615805714169414
"1" NA -0.0749566854972442 -0.0321358873176613 -0.0747765587472577 -0.0272714718835623 -0.0367961853556244 0.0596851078560073 -0.374962092346417 0.300532862489078 0.0597295872148986 -0.0366981269886488 0.0635671507400955 -0.03284025243114 -0.363567468866375 0.443044937508731 -0.157285064070859
"2" NA 0.020764078914578 -0.00452157687938977 0.633902291426596 -0.039035416745066 0.671882664818225 0.223368835122154 -0.0812168117874246 0.0008307237247807 0.223413314481045 0.671980723185197 0.227250878006244 0.675838597742699 -0.277785970048149 0.372039726560956 -0.201617364039697
"3" NA 0.128301916644348 0.0339223637036744 1.32806816905592 -0.0450946307812014 1.35824693744237 0.416878396617994 -0.063331826421376 -0.0277955650725971 0.416922984354612 1.35834433904015 0.420770987952826 1.36213894675523 -0.106743956355216 0.29534711870287 -0.301523193758935
"4" NA 0.299854700718739 0.137270337387014 2.13107276386016 -0.0696096494712381 2.16125153224661 0.963337371176515 0.60963316864278 -0.70967579153095 0.9633820672909 2.16134893384442 0.967240510962129 2.16514354155947 0.823680300465188 -0.52920324445962 -0.437947314507415
"5" NA 0.438086053423612 0.161451938351422 3.22531781338782 -0.104178071424015 3.258097116776 1.18408950924646 -0.272248566508739 0.0543367941321457 1.18413366347209 3.25819473729686 1.18793990677826 3.26201043395938 -0.255759197122936 -0.0849101614512581 0.0227450990561563
"6" NA 0.491555098602804 0.147135246275898 4.02972663154245 -0.180529745945671 4.078109144941 1.38670610800137 0.102669323468776 -0.447330165668868 1.38675047898251 4.07820807900021 1.39057760243471 4.08215030934764 0.331905109352842 0.229651979441894 -1.02201283037219
"7" NA 0.70755041721516 0.257732214782519 5.2823496871582 -0.148288968182161 5.34373487556543 1.7680586266996 -0.228765674590766 -0.0723300296157389 1.76810299768072 5.34383490423993 1.77193012113292 5.34788257932477 -0.379817965213732 0.420665676618348 -0.465846691986316
"8" NA 0.913589118790107 0.324698118568248 6.5639583967324 -0.175414562454104 6.60193877012408 2.15886518466392 -0.075159413669231 -0.269792882585802 2.1589094472673 6.60203682849109 2.16272613064646 6.60589470304855 0.0844817473690065 -0.327455372535079 -0.259766307436542
"9" NA 1.0434383958869 0.334450617100863 7.9331553358005 -0.233896693374397 7.98153784919909 2.41083569735 -0.400673813564176 -0.0766008156599285 2.41088050184211 7.98163678325826 2.41474938558637 7.98557901360572 -0.178440380158395 -0.0667009414898389 -0.433404230666483
"10" NA 1.29602841043101 0.415919174332877 9.60257884568047 -0.249690324697148 9.64055921907201 2.82452626998156 -0.538644836109459 0.0227560441881646 2.82457074934028 9.64065727743897 2.82840831286561 9.64451515199654 -0.333075284371817 -0.0465505633981087 -0.357356784230476
"1" NA 0.00646760282129887 -0.000182728355253626 -0.0514673671742975 0.0853317323759219 0.0300353461250626 -0.00670577258486289 0.41458848108675 -0.328283709532285 0.097194116678379 0.00348986167981196 -0.292276153013116 0.00909939455952813 0.549797314369594 0.111985232306977 -0.136117816501672
"2" NA 0.0852559701928331 0.0262648361398219 0.514969284073529 0.218587241593361 0.0253615880572497 0.5663585587565 0.368854218490807 -0.291975173556765 0.230464589769365 0.57649413800867 0.0679155998345565 0.582266377907582 0.397896524486716 0.230815029111159 -0.310584002911613
"3" NA 0.193862162790048 0.0618012528724597 1.31436557542824 0.552324980739841 -0.0232462945671157 1.36244101006447 0.616994752020341 -0.636766237256684 0.564157437295192 1.37260661682285 -0.233742823111893 1.37829750321218 0.760762889344882 0.588953108477519 -0.543265955765923
"4" NA 0.325246855936802 0.125926301941764 2.11741129722458 0.898599663265748 -0.0400812451836585 2.17874209204787 -0.0180611293003067 -0.0365578208466327 0.910432119821085 2.18878758878123 0.513393773285858 2.19480388920896 -0.285707969854077 0.911430825576883 -0.22757777527155
"5" NA 0.451823489080479 0.157035486970481 3.11977602139109 1.17658602095789 -0.078389410918194 3.17447913612083 -0.0454920215270699 -0.0857225414727183 1.18837358589257 3.18458468786672 0.262952007670915 3.19043828127526 -0.0508110539645012 1.20394348152639 -0.346672602037037
"6" NA 0.583966099824873 0.188223790927614 4.14392633523268 1.45470324698738 -0.119950305790264 4.20857097010272 0.100302363090532 -0.314281848635447 1.46655066741629 4.21858643932984 -0.115201870169423 4.2246840932672 -0.0196452659901887 1.50158991552902 -0.170103582237348
"7" NA 0.758239033507195 0.244543410284238 5.39636015583438 1.73177821358991 -0.125078785092306 5.4510632705641 -0.222261806191643 -0.00257927736684668 1.74356577852457 5.46116882230997 0.281605263001999 5.46702241571853 -0.296097832488857 1.76961334034762 -0.261166375997244
"8" NA 0.889584459740184 0.260277950485642 6.58478461433978 1.91856874365585 -0.158900897852066 6.6461154091631 -0.0813535005714652 -0.210798988661999 1.93037127246408 6.65616090589647 0.438975126535614 6.6621772063242 -0.339378986477176 1.96347408044859 -0.458614484489739
"9" NA 1.12010572102073 0.36202465287775 7.99085796360457 2.42423025422241 -0.174475058454783 8.06544411861501 0.0455234603028375 -0.368561514559791 2.43609263852485 8.07536950532329 0.337127570280173 8.08171121978942 0.0772385737420405 2.46241827024587 -0.799790550822172
"10" NA 1.39865340657936 0.479117161250304 9.6727590698732 2.8845631923739 -0.154924225343798 9.73077602464977 -0.167880559588581 -0.116490972688402 2.89638068505565 9.74085154888934 0.272105734315273 9.74678649580746 -0.408480601417317 2.92195750898615 -0.213619435511637
"1" NA 0.0504827526405209 0.0376139346818806 -0.0378550975374831 -0.0601155169567092 0.0106591966922754 0.0322809592421648 -0.0510917651233499 0.445764456516257 0.0291732831829265 -0.363467974250842 -0.327044616317845 0.58311452683677 -0.0619249210948025 0.0222024949420769 -0.242854866543089
"2" NA 0.171800442018252 0.095416328966847 0.712441425989701 0.696435570740825 0.00808662093871375 0.300632018457225 0.705507772853363 0.271706791905473 0.30112700595022 -0.20787680328374 -0.0692274827589038 0.473190964912634 0.694654591388453 0.29415283502466 -0.396765900851366
"3" NA 0.289242724265086 0.147688063888255 1.38774804500817 1.36548762558895 -0.00866687788003188 0.59347055194882 1.3745113774223 0.367089682316111 0.611916192690045 -0.333666954512088 -0.192920904927667 0.518413283825348 1.36367822145084 0.604938639079784 -0.379858600015165
"4" NA 0.358891195115105 0.14539934366669 2.20517829755286 2.18917244230398 -0.0640807611625024 0.779678797693789 2.1982446444165 0.118758046359267 0.787861630932394 -0.204121271978799 0.00121628775867469 -0.0374615278010396 2.1873914629516 0.780870546583314 -0.145472910715418
"5" NA 0.543655124982395 0.243423979137581 3.19926646614511 3.19368488451346 -0.0448372183796657 1.14798290505713 3.2028378370913 0.0953687411742875 1.16510616728112 -0.146827394211028 -0.37022465045476 -0.0438465061169564 3.19195127980399 1.15812523098614 0.30040831644707
"6" NA 0.647379423669858 0.26876051273899 4.00848065060703 4.0049839236988 -0.0934723010701572 1.42898011966983 4.01415302636967 0.145385279239275 1.46396547884139 -0.291884706514955 -0.731011712474882 -0.182255850633782 4.00325979391788 1.45698792523114 0.658017926958066
"7" NA 0.850136634884928 0.325412295289443 5.42583965775319 5.40774894778083 -0.101011873983901 1.70838865893048 5.41680499980036 -0.147304243699517 1.73640454605078 -0.0312420481326245 -0.0520251649198542 -0.121408036118903 5.4059584934999 1.72942699244054 -0.115868013698916
"8" NA 1.02593635115185 0.387589186151219 6.62424480266647 6.60406923797069 -0.141992601712663 2.12957850506181 6.61310913989709 0.296952135263144 2.15917608952357 -0.512681390822178 -0.754261896212444 0.138250215576229 6.60226930876114 2.15219515322861 0.20859089276734
"9" NA 1.26063996822232 0.483933908746871 8.06117258627464 8.03891216685548 -0.150417823678518 2.58742470276795 8.04793591868881 0.0781826473750984 2.62020241321532 -0.324988474200423 -0.270859428519254 0.217088950445254 8.03710276271732 2.61322824228973 -0.392107178211161
"10" NA 1.44396023621175 0.485366047742235 9.85281542605303 9.83055500663388 -0.199306533711501 2.76140913767298 9.83957875846719 0.147640462740637 2.7991504184925 -0.48257440566853 -0.619164932152641 0.174395586558382 9.82874560249575 2.7921830129364 -0.140672884957855
"1" NA -0.00819334860115508 -0.102417102401829 -0.0807446626064388 -0.0233975449007551 -0.0274503831988227 0.032667836920758 -0.0186067213929434 -0.0281053859918262 0.0319741270580529 -0.0300319564386378 -0.558253264681167 0.0362582574177507 -0.00473393844135702 0.485350678767626 -0.0310879762299293
"2" NA 0.0681912658024249 0.626941926569859 -0.0866090313752197 -0.0670701289897612 0.698341613987436 0.155347930085383 0.122761916315163 0.697685913469093 0.154653700394198 -0.274964514832857 0.251684724301629 0.149573149065345 -0.603299649176869 0.135904232227021 0.694711948489186
"3" NA 0.212525314443223 1.4109803505982 -0.00753548440083431 -0.0658826805186253 1.48416355390849 0.506473417454553 0.0911154289626319 1.48350820225282 0.505779534315683 -0.238065255685008 -0.468572411445675 0.505041836380384 -0.0575196607991587 0.321613900090364 1.48052992464381
"4" NA 0.322863211804228 2.06692259497243 0.0421797077364882 -0.0813069464671112 2.14367283006813 0.780463766234572 0.331618790184155 2.1430181761378 0.779769536543415 -0.531849052380151 -0.0742714073297863 0.77525295074643 -0.727675479397123 0.546580732064894 2.14003127327059
"5" NA 0.428397529322017 2.93266691300349 0.0651855015079743 -0.147916966411187 3.01120066399193 1.11445423806536 0.0388934093680884 3.01054635892428 1.11376000837418 -0.352524835200498 0.0406620899490141 1.10791252696555 -0.41415863866074 -0.0848310785340259 3.00755514342794
"6" NA 0.609182620923218 4.06920747889887 0.149471810852384 -0.121290810991945 4.15130826167273 1.40149029398361 -0.256858511859787 4.15065465433038 1.40079658412093 0.0247356426277505 0.158505448138234 1.39774841110537 0.0650181705176559 -0.606750430258175 4.14765481357588
"7" NA 0.738828224290223 5.1119571677112 0.175722150636963 -0.169729901825477 5.19584146637776 1.68515609244352 -0.00523570116851496 5.19518820789811 1.68446203602849 -0.350065596079364 0.106201041169064 1.68136410734214 -0.194769371659517 -0.440818816692954 5.1921840545145
"8" NA 0.947270141062809 6.63163798178207 0.234592348421603 -0.183430165470993 6.71195524866327 1.99586020936327 -0.759436437494958 6.71130129245824 1.99516615294827 0.441639036856349 -0.8471539963277 1.98254188157293 0.547961447116502 -0.247664247417986 6.70830576433282
"9" NA 1.11689773505047 7.9459355060546 0.275095140511303 -0.251215357455922 8.02625277293579 2.41125796809646 -0.446730137321061 8.02559881673076 2.41056373840526 -0.0399874991897646 -0.268289029384068 2.40484669039532 -0.199076310031867 -0.301450276731061 8.02260328860535
"10" NA 1.38919678654432 9.62255188086256 0.379723409328092 -0.214930547670936 9.69216805238744 2.75305161792417 -0.349741257094117 9.6915120030065 2.75235738823301 -0.069727435343628 -0.0834721649546919 2.74647882570367 -0.06165181298186 -0.518144881099064 9.68854235065566
"1" NA -0.00938922264279597 0.0647173594418795 0.054436388588344 0.0339467282574075 0.0459584437643797 0.0285164212957262 0.0437919066336699 0.0231974545933386 0.432361917476073 -0.459907249225794 0.654226692559563 -0.12403938391539 -0.00166710475782316 -0.661147220064249 0.0263511292948571
"2" NA 0.10300880128525 0.116020406550409 0.733464218735508 0.0233327995529188 0.311874077390125 0.70173688127483 0.294794118481657 0.696399367342253 0.218359616921154 -0.215706024565206 0.33830709994199 -0.453978537886878 0.671468128470476 0.0650707050468109 0.259190846728915
"3" NA 0.217278064145968 0.174952965525529 1.37931384625342 0.00945814333719774 0.615323965091096 1.35920124912881 0.623164006425251 1.35390082965664 0.148176278015536 -0.176681278544005 0.286434281558748 0.0481009987919244 1.32910294982608 -0.484157219450657 0.616690380073269
"4" NA 0.298058814512661 0.181849426744735 2.10827818410411 -0.0252883243987015 0.763697868981886 2.08526190189543 0.760713055636829 2.07995220880817 0.000877245840667733 -0.0686429396469941 -0.00262579475379082 -0.168699914456504 2.05512098921731 0.00373951441153568 0.740604380810169
"5" NA 0.436884604545058 0.218657021377759 3.18204274757422 -0.0973163938510696 1.16884437201384 3.1648338355336 1.16235334555905 3.1595426896766 0.225448641186737 -0.492332781381348 0.081875640308365 -0.627228917317518 3.1347781496063 0.148953958719605 1.15075131689398
"6" NA 0.579575173766115 0.286180165491192 4.01801515760735 -0.0975658602157621 1.4666177856018 4.00370993065075 1.45945322066531 3.99842805840869 0.0306451736561909 -0.257430130564233 -0.308100073975634 -0.544290046351084 3.97369685809878 0.55340614887448 1.43228372572833
"7" NA 0.732046578235867 0.326911700851927 5.17614538405819 -0.108993528170253 1.68455469248622 5.16184015710158 1.68821136307474 5.15655828485961 -0.300110666322163 0.108353381203713 -0.290176175433511 -0.0276202928286059 5.13182708454965 -0.0688095785730035 1.6826886927966
"8" NA 0.946218935856068 0.413875231121102 6.5687472175248 -0.125720054435995 2.1280504287936 6.55153830548389 2.1324692064751 6.54624715962679 0.191847796375451 -0.517337921315752 0.0971647646598573 -0.847173498651681 6.52148261955654 0.283375081796713 2.11218326220148
"9" NA 1.10995285702299 0.408726400644049 8.28597593317383 -0.212042539165702 2.39584301805702 8.28038176146922 2.39929482183978 8.27512771007282 -0.119580951737551 -0.331426837137992 -0.0502774782496607 -0.438125814901776 8.25049652904364 -0.260003247263923 2.40367443362828
"10" NA 1.37373195065319 0.511994085485117 9.89370761684635 -0.211501799802792 2.84669588651736 9.87359501972145 2.84765892881154 9.86829460024929 -0.548973694111595 0.188525249719633 -0.695621030162467 0.185426368333221 9.84349672041854 -0.104495339627453 2.83859412558508
"1" NA 0.0587974526386275 -0.0593092215491377 0.037799733242059 0.0685496526295609 0.00336516075680242 -0.0730215698113616 0.175392051118996 -0.216256037068496 -0.0909272120593838 0.0344720703403914 0.230417547969184 -0.102524546564452 -0.238728881608798 0.0311304951283751 -0.0709711280432577
"2" NA 0.171643539861646 0.717634041630508 0.0819088753262457 0.334153459091271 -0.0174419483683075 0.705847102929033 0.131319463731594 -0.21823371430195 0.687956508026177 0.317628143953355 0.723297716480464 0.676372082038638 -0.46758362749802 0.312582696721202 -0.454659248183213
"3" NA 0.270098092402483 1.19860003110874 0.129442773817193 0.549956103908473 -0.021031688110623 1.1868130924073 -0.136459780356966 0.0696578744664926 1.16892249750443 0.532475616504893 -0.312343972971031 1.15733807151688 0.158771056745388 0.52903474135945 0.0163985045046544
"4" NA 0.471749175023211 2.30489167701862 0.230578238294703 0.953103616517119 -0.00833506866388067 2.28732850963484 0.169857430508896 -0.231848005417064 2.26939277269649 0.935155084977311 0.371283906898723 2.2577696211564 -0.270675006344152 0.930241010635818 -0.229224400127698
"5" NA 0.523813681514841 2.88071293841827 0.239602439698894 1.11882155130077 -0.046181589667694 2.884329276203 0.266585006245978 -0.420315025245619 2.86655906006146 1.11223480208559 -0.105136137187868 2.85507790221399 -0.508290500289116 1.10023030507648 0.465228468598805
"6" NA 0.630949795143879 4.15330132734996 0.213876102760414 1.31609292692109 -0.136714116367777 4.14536520777005 0.242081517389911 -0.573247667192453 4.12750470755753 1.30030561251169 0.140056699746726 4.11594609860499 -0.616667613057195 1.29781358405491 0.0148335413087502
"7" NA 0.836943250258986 5.24673941221254 0.316212969047226 1.72086881194599 -0.124882493370573 5.24072870219338 -0.187222756749322 -0.0859253342671323 5.22288324932604 1.72284422436988 0.151776160945682 5.21133754889101 -0.388686077604487 1.70583114072834 -0.213658226574877
"8" NA 1.1021707369839 6.56494784048812 0.457707066754434 2.1903242975141 -0.0806061681157141 6.55316090178668 -0.175415254850857 0.00236055898327601 6.53527030688382 2.1877868868901 -0.217715326904465 6.52368588089629 0.0200102108859062 2.17875867144541 -0.10199846587181
"9" NA 1.2578457106408 8.19508146069525 0.449553301905765 2.32045681034349 -0.129080998853657 8.17944370287228 0.287593712728893 -0.613245766059642 8.16152301327912 2.33842816407112 -0.333984285445339 8.14991277025655 -0.733229282595622 2.33047562792077 0.713074471747362
"10" NA 1.47490281681873 9.91634385247864 0.504528117428274 2.79601541173855 -0.198424615239697 9.90648232333795 0.172993094644662 -0.625409188452049 9.88860677578026 2.81353971586019 -0.125539566513585 9.87703525831026 -0.66576649678114 2.80629272574764 0.180180589023041
"1" NA -0.0232173038859518 0.123970108238153 0.0636905286092743 0.0508893958810245 0.0916253247136398 0.0150151261495103 0.152380119682867 0.00515598934903742 0.0854873009780301 -0.0858306015905277 -0.138317409195686 0.00330880319678526 -0.31613847012965 0.550997793685123 0.0872457354856891
"2" NA 0.0413312061290097 0.125394223820159 0.628195244162284 0.00909334416435723 0.239665568505075 0.569353195604816 -0.0919870201500667 0.559436695293405 0.230632434054482 0.101922468756781 0.210470518103023 0.557543597191127 0.278027845219456 -0.473754762038059 0.229742623360069
"3" NA 0.1569870826785 0.160997327812519 1.49159141146943 -0.01798625796178 0.492790116246328 1.43952712697708 -0.210050298112289 1.4296488690063 0.481110786810881 0.179939166709496 0.14859545263915 1.4277863788707 0.418995086684601 -0.637235604616061 0.490227802988079
"4" NA 0.256177380890886 0.190114598826453 2.19417361672452 -0.075142135304804 0.821292352419544 2.13533156816695 -0.53659261987076 2.12541506785558 0.81386298233897 0.423984323931005 -0.428275684031554 2.12352196975326 0.570956661435425 -0.403089750157904 0.80544650293039
"5" NA 0.406008913242054 0.253929949515671 3.2408448038784 -0.0907677168180314 1.16583317947574 3.2023360475164 -0.505966159801983 3.19253427422684 1.15260723946317 0.362295022829077 -0.889210815946545 3.19073300002468 0.324309977604343 0.222767747291014 1.15435973689207
"6" NA 0.585714214597629 0.340231558380115 4.17938732442408 -0.0707410810538664 1.48043889265875 4.1239341578991 0.117455847036321 4.11403677875801 1.48740258415912 -0.303243385180588 0.164967710450355 4.11215898463904 -0.328145535368439 -0.0660762524196266 1.48788562971071
"7" NA 0.751604987069597 0.396192624145746 5.36191079499637 -0.0837267389579977 1.77397556803041 5.31662427456933 0.260924892113865 5.30678425893904 1.78244920686614 -0.49035633256817 0.447349774025794 5.30495237677019 -0.345157751454788 -0.34574270397487 1.78134834563711
"8" NA 0.897488365563379 0.411751006061216 6.6398211360802 -0.14596199827419 2.05444368205224 6.59453461565273 -0.0819682808207719 6.58469460002259 2.0559438944833 -0.232289773040401 -0.318030135331055 6.58286271785365 -0.116167427618941 -0.0348660446420897 2.05691400899928
"9" NA 1.13054815751298 0.51003623769126 8.16764798413562 -0.156860402025699 2.54003391833234 8.12575034574126 -0.411856675609278 8.11592945128111 2.53945509793446 0.118031344658052 -0.415697781329376 8.1141128730957 0.186132928005581 -0.269752381800074 2.54398194729256
"10" NA 1.31082486133832 0.522404040506135 9.80457412156863 -0.207120380943638 2.76973256636569 9.74912095504346 -0.438114222103706 9.73922357590246 2.77014346058207 0.0420104810952486 -0.545304850584777 9.73734578178353 0.141714320172987 -0.249478859860684 2.77421411161779
"1" NA 0.171428549825576 -0.0604647499288066 0.0118036926020768 -0.0183208449906896 0.077946671067035 0.0456582365472865 -0.19011929533409 0.0754016777850401 -0.0211464764343175 0.245694982334922 0.027105903616519 -0.0111899848095918 0.0798967813718806 -0.256932480542091 0.411182219433813
"2" NA 0.204701069242996 0.419480118953991 -1.70636536609306e-05 0.466587224391644 0.368200329123803 -0.0525386142701022 -0.438130044889944 0.365646633626808 0.463761592948033 0.276785926692178 -0.642983444001823 0.473718084572754 0.384202052933638 0.394914343275689 0.0522678805383969
"3" NA 0.375119801563643 1.34482130426562 0.0875345633250666 1.38924489180313 0.642817667613113 -0.0175104795080773 0.291005369094681 0.640266872854443 1.38640754137665 -0.287193110116809 0.284815014418918 1.39639648040356 0.658052100882444 0.0499586688961561 -0.359771138969705
"4" NA 0.422656994999484 2.10780124364983 0.0533538768990889 2.16717174569364 0.767311377297753 -0.0994196430736006 -0.337748559665122 0.764757681800739 2.16434611425001 0.102818920479898 0.447905311861127 2.17430260587477 0.788561061895024 -0.464562976394882 -0.217060659359572
"5" NA 0.579342118445856 3.12205965994574 0.120586586677036 3.18571091975661 1.13986646048375 -0.118542023197521 -0.404461559708418 1.13730986424842 3.18286770983869 0.124766737261511 -0.290272184425815 3.19287287256671 1.1460066496931 -0.117906927848209 0.0803228978398166
"6" NA 0.707986917070469 3.98727864911134 0.176592904205003 4.09817183493881 1.37946374697547 -0.119091730374388 -0.653775035706861 1.37691585295512 4.09527588959797 0.338897506736778 -0.675046622451947 4.10542706563586 1.40087638458639 0.100423883644173 0.204071821656578
"7" NA 0.924188606162919 5.26443413957548 0.25768734573553 5.32737079426079 1.71153896964206 -0.106901401450144 -0.284178807257067 1.70899397636004 5.32452758434282 0.0426503600917675 -0.166891231235338 5.33453274707083 1.7173680614059 -0.33973636684238 0.241055131473647
"8" NA 1.02072223669422 6.5101691524293 0.227220351036816 6.59207379846964 1.90736362357317 -0.203927010510989 -0.258088944509137 1.90481282881452 6.58923644804321 -0.160622586739882 -0.00553118076645715 6.5992253870701 1.91333557048841 -0.98200553938213 0.482285240141738
"9" NA 1.28517966183507 8.05323382795654 0.351827098477474 8.14149770526742 2.52276300455973 -0.220054361198238 0.0369676316338173 2.5202151105394 8.13864277636664 -0.445298344033289 -0.078797104229449 8.14868038649682 2.5533379087361 -0.322188345117068 -0.21562889258822
"10" NA 1.48869465814753 9.60099181259596 0.399969680317312 9.67571915181471 2.79178350838586 -0.233746932391493 -0.386285571973712 2.78922981288885 9.67289352037112 -0.105544461986483 -0.666278396172432 9.68285001199582 2.82461321608714 -0.333796104108196 0.320413273946713
"1" NA 0.019690529426751 -0.0485485485357683 0.0660607376999881 0.102419718876287 -0.0178115180592278 -0.0161462773509172 -0.130204143305201 0.121363075035073 0.107106441860431 -0.0189987748097552 0.102726773046291 -0.0249431580069889 0.167387496336535 0.639488204630407 -0.749893828331839
"2" NA 0.10277203920633 -0.0162136223087725 0.556188738408774 0.597000653871351 -0.0581404152463313 0.263878018989167 0.0522230898656311 -0.166849143977411 0.601679213702375 0.270350202330666 0.59726845419823 0.264444812473722 -0.202314572294889 0.364631394575025 -0.328111256287039
"3" NA 0.250127324404268 0.0520065041779703 1.39920286499273 1.43333537902591 -0.0531177996101372 0.554563690410037 -0.536261161310736 0.49322378190595 1.43802618358658 0.552909170656612 1.43366206011744 0.546988183463545 0.556694043987119 -0.444472766082801 -0.15887598751571
"4" NA 0.361078428269395 0.0951164327194827 2.17039730781455 2.21120922327701 -0.0826954287476288 0.850993379766401 -0.346080676702942 0.223254501120419 2.21588778310809 0.851617854388048 2.2114770236039 0.845696867194983 0.0600784674653927 0.157699841852296 -0.401259716198002
"5" NA 0.465758737121107 0.119456627297292 2.94846588408724 2.98705133240676 -0.107057826262742 1.04284546458516 -0.407944054550028 0.241402711975012 2.99173397381431 1.04240427445195 2.98733875965513 1.03649888459499 0.260029461996783 0.0566192796341084 -0.527415491153051
"6" NA 0.631044556848922 0.179378912073073 4.04546593136864 4.08405137968807 -0.140045446183306 1.42545386216827 0.0953640311162483 -0.387375493227009 4.08873402109566 1.44338168780629 4.08433880693657 1.43748409661739 -0.296398059405599 -0.0216344671896184 -0.126585509332812
"7" NA 0.786632028574249 0.232375240540354 5.20716162748977 5.25465294438195 -0.174142266052711 1.78308368790018 -0.0758036801758354 -0.26462370341846 5.25931925948335 1.7919705716902 5.25486186394401 1.78606518183322 -0.299558537284143 0.062552705930453 -0.28312296813131
"8" NA 0.962275424647325 0.282182922173223 6.51532645352572 6.56281777041688 -0.189728501300595 2.06079242869555 -0.132973402888051 -0.23865741698377 6.56748408551818 2.07822967598177 6.56302668997906 2.07232428612475 0.0945867551528564 -0.337848091582158 -0.270965931582131
"9" NA 1.09126881371125 0.270511880789554 7.86062695557303 7.89921240389268 -0.300067259150614 2.39409283131409 -0.39516793739855 -0.178533246886502 7.90389504530014 2.40712572288628 7.89949983114092 2.40121253436122 -1.00055828943978 0.170341598121215 -0.176193092501128
"10" NA 1.38840603136756 0.400390287435143 9.69620864635533 9.73702056181794 -0.261570611579902 2.84355075736504 -0.635648042411182 0.163863096815209 9.74169912164907 2.86133916743548 9.73728836214518 2.85541818024239 0.365198249247639 -0.576040093229425 -0.452348608356077
"1" NA -0.132709233770161 -0.1906693540056 -0.0177048654948934 -0.170731065986581 0.0360354236005225 -0.0261008562029412 0.0206109687027949 0.205634233097837 -0.310262481278741 -0.186234187426896 -0.0901127028630714 -0.19165950471897 0.251713741518744 -0.271652606523206 0.0065826987075563
"2" NA -0.0619332900516123 0.542482075636389 -0.0145011220927987 0.558533258055689 0.213277542692977 -0.0699221680008758 0.197825613601122 0.166173955177877 -0.358818381649352 0.543039386260739 0.532204907582005 0.537605730282229 -0.15874033003137 -0.560945132197685 0.195979790790375
"3" NA 0.0736962095703636 1.28458737061607 0.0465120869682687 1.29286434183594 0.468917860229092 -0.0674612772089413 0.453484247266669 0.125313534908205 -0.309325390202878 1.2773889693317 0.112216250958861 1.27193863598034 0.00991439511278132 -0.345544547042251 0.448285242860511
"4" NA 0.212743677560248 2.11135324892703 0.115171474153084 2.13129153694606 0.789531829529106 -0.0706033290890674 0.774089058501955 0.230727581281138 -0.430322170266104 2.11578841550572 -0.235490529005172 2.11036309821366 0.637994951440435 -0.621946445883881 0.767459151596819
"5" NA 0.306221709938805 2.95138928891153 0.132928707874366 2.99465021052889 1.06330747572047 -0.126937383790353 1.04786470469332 0.186277332762794 -0.499557966739717 2.97909159121644 0.140795411271141 2.97371630604289 0.0417262231167107 -0.559936179937951 1.04212763955657
"6" NA 0.454923040977731 4.03414410377855 0.174231272949591 4.06185660299702 1.40622009400007 -0.172363357665438 1.39077274394056 -0.238269454799399 -0.133388634918622 4.046334982266 -0.0583268467449963 4.04092634234678 -0.441332704838196 -0.0801317183340566 1.38563994439877
"7" NA 0.59875563353206 5.21108152835684 0.200864409364567 5.23101981637586 1.58505283911424 -0.189776526346796 1.56960548905473 -0.218293972324251 -0.191393068301734 5.2155166949356 0.474782196715302 5.21009137764353 -0.889233976242747 -0.18343963844516 1.5717917911974
"8" NA 0.823717460250464 6.66468500532801 0.290515512345454 6.6923975045465 2.13112973085723 -0.232771153867206 2.11568695983008 -0.553258819621669 0.0825919252504627 6.67687588381542 -0.773714863723162 6.67146724389623 -0.112831525018346 0.0653075997123975 2.11444201935018
"9" NA 1.01716475170458 8.00524091960589 0.352891244614123 8.02906631322459 2.34817968851835 -0.216271660351001 2.33274607555591 0.038492055167914 -0.525434483213387 8.01355394213902 0.0872230195727263 8.00813696353334 -0.0310898109796176 -0.695275799430619 2.33246312246544
"10" NA 1.28946509255298 9.64236494092875 0.473544509854255 9.65064191214864 2.83129217785958 -0.198285903747748 2.81584024876772 0.162092476021397 -0.622110065288184 9.63516653964446 -0.304108348437229 9.62971620629293 0.113285684727524 -0.439201026690853 2.81232969416229
"1" NA 0.121287869480698 -0.0163168364273054 0.029818805006814 -0.0488302865631774 0.03977100534869 0.0195920079449639 -0.203939268529051 0.030094407529169 0.114502810366324 0.053089248262975 0.02750338029331 -0.257537598986075 0.056407103331845 -0.068429970668757 0.177067269060046
"2" NA 0.182357926429165 0.00604438801437569 0.514903068012596 -0.0565788152226848 0.167839440179366 0.504676270950766 -0.138061157713686 0.515178670534968 0.0433040039659905 0.174199890940457 0.512587643299137 0.623395149264774 0.171256222953123 -0.979585510665622 0.153683760461576
"3" NA 0.311716858178446 0.040723246441024 1.53420001641361 -0.104501192025836 0.480046733915317 1.53186293980759 0.302667587133004 1.54239271645457 -0.455673717836262 0.484762879822775 1.53981059231163 0.453628299002379 0.483397708818859 0.113718140546092 -0.777042554551474
"4" NA 0.433496599970093 0.112800640431648 2.02766617491838 -0.0788705214852641 0.708298223093742 2.01941180797047 -0.00552703719469216 2.02992105182037 -0.126697552459916 0.730112036198586 2.02733225035776 0.0136910590942652 0.733562463416451 -0.0455965407369924 -0.177734217599375
"5" NA 0.586094361994207 0.168029395722271 3.05658499754386 -0.139070883853323 1.15307657605728 3.05030306070993 0.0079007054149066 3.06081914882555 -0.25030033869053 1.1739193913291 3.05823257313615 0.226188956303298 1.16821559296903 0.0338552906231832 -0.598556772114932
"6" NA 0.727643870102674 0.216945309677424 4.03183685303226 -0.145560790750139 1.3913580561226 4.02161005597037 -0.0691803084540457 4.03211245555461 -0.190007452374351 1.41443897474098 4.02952142831879 0.0687311543691981 1.40919972912435 -0.478129934682313 -0.0244513579486734
"7" NA 0.847546339671246 0.24293476440187 5.07259116969401 -0.180190020236491 1.62242760483318 5.07025409308808 -0.00634734657106068 5.080783869735 -0.31511587069094 1.64930326799079 5.07820174559208 -0.603288227969668 1.64175846779712 0.107828444001056 -0.0145004855478002
"8" NA 1.07715555472623 0.331279328407654 6.51685620906965 -0.198424112998558 2.06845842468557 6.51451913246372 0.428892109497775 6.52504890911064 -0.74508993345569 2.0837075737357 6.5224667849677 -0.0951990167670509 2.07651312764235 0.306744137295863 -0.693791408742715
"9" NA 1.2638522740973 0.384946287209386 7.97645548706122 -0.223589632447971 2.39266726792262 7.97411841045531 0.0596912462860112 7.98464818710218 -0.454086213542629 2.42153060587812 7.98206606295924 -0.212980131029093 2.41091191308342 -0.327512694731288 -0.106715600471241
"10" NA 1.47549282115133 0.427160583807947 9.67511493146621 -0.26621856405158 2.71807372594421 9.67672271508804 -0.556404181119956 9.68726618026645 0.0320684462325294 2.7628972759183 9.68468850767005 -0.499392150423961 2.74540666819809 -0.263691511037609 -0.0226629063257896
"1" NA 0.0523990742064633 0.00695749346507652 -0.0548130014764259 0.00485680906517809 -0.064446571857088 -0.056213494807526 0.114825688703191 -0.262452710905305 0.00926959060409338 -0.0561646344209948 0.4663981656903 -0.728713771143121 0.00750158678671929 -0.0885830034880934 -0.0202407643587713
"2" NA 0.129571476637183 0.667154875076546 -0.0354249962706918 0.668207658613974 -0.125260848056417 0.242618591185378 0.00912175202404024 -0.269312685192158 0.672627639697758 0.241624023582737 0.252854775824487 -0.593997879442711 -0.104251227488492 0.223144738533369 0.643131858898048
"3" NA 0.272222112706857 1.32825750259417 0.0461217849627698 1.33561722200622 -0.0997187593253358 0.509846758984751 0.197045066561427 -0.433843005245632 1.34005160217972 0.514655410600519 -0.78412256509798 -0.0892492516573794 0.444620958362655 0.484603674040911 1.31058496970636
"4" NA 0.393962701292761 2.03708960283952 0.107877100377293 2.04760279018889 -0.0951275325025081 0.770561133282897 0.275994542476967 -0.510924458900888 2.05204436990723 0.770394046052951 -0.233253596456262 -0.389040983919335 0.24889116334863 0.737395138935156 2.02259231159706
"5" NA 0.53980939282154 3.04703473651033 0.157712853890287 3.05124098798509 -0.119725274362546 1.0785248967828 -0.21128247102498 -0.00525755856332928 3.0556681686137 1.08668037772864 0.050391156367397 -0.408528347965918 -0.0687398725768038 1.06026241921834 3.02618696197717
"6" NA 0.735072750663278 4.12002494729604 0.258949083858025 4.13684507052002 -0.0747801877626342 1.36952573146593 -0.0186666962391221 -0.133297576096578 4.1413010493281 1.38334938458706 0.184555544317908 -0.153040001129063 -0.309988733294568 1.36325039385556 4.11187813934426
"7" NA 0.852515590131264 5.10693999015481 0.28678005674437 5.12376011337883 -0.154334780610339 1.77148784190791 0.45637879319586 -0.849725631463862 5.12821609218688 1.7831900750865 -0.293073390751922 -0.817959060811586 0.532169462827773 1.76423489108552 5.09879318220302
"8" NA 1.08377128192497 6.73374558486406 0.357727531201134 6.75056570808809 -0.169782010838036 2.13379074529403 -0.270118795774187 -0.0425691855585778 6.75502168689617 2.14505114720483 -0.642048925465657 -0.0160460183006182 0.0627361999452639 2.11671706073469 6.72559877691229
"9" NA 1.24947214418208 8.13634968651247 0.382496622183864 8.1531698097365 -0.228069704514039 2.44002967098889 -0.148836661323553 -0.30737483735353 8.1576257885446 2.4524648169329 -0.366039511379885 -0.555561876439955 0.144991452962795 2.43993244832891 8.12820287856072
"10" NA 1.46550664323252 9.7154424662172 0.443582123152957 9.72595565356661 -0.239447863217313 2.74939230099932 -0.221868843389078 -0.246308168312167 9.73039723328485 2.76189742186001 -0.525393915559708 -0.108749337467199 -0.158630825134709 2.74839311174505 9.70094517497476
"1" NA -0.164651708762614 -0.0400610493150305 -0.131167561512867 -0.0361954257544892 0.0110223821361705 -0.0649956153488272 -0.0583996009104105 0.0649599780839938 -0.0286953557307732 -0.023645227541381 -0.076526424911256 -0.539665382470995 0.18304337147403 0.32612387309601 -0.103364886008527
"2" NA -0.118735993659429 -0.0743514873354836 0.608790310319268 0.183828290037559 -0.0951760278464685 0.657266836875501 0.663857464277536 -0.362595365876515 0.191330137961084 0.167293380473904 0.142803131104642 -0.405872813664939 0.13835123381711 -0.117457200030702 0.618833520712812
"3" NA 0.0109586931842395 -0.00276273605462299 1.2058119744605 0.46915873456574 -0.0862888085945648 1.24839002781413 1.25497885953738 -0.297898438118445 0.47665969353936 0.124577137632795 0.430500597845764 -0.137966910596468 -0.0557833582285724 -0.171571944827801 1.20993536315047
"4" NA 0.157975563929268 0.0512659146644173 2.20362943613142 0.684809066627843 -0.0794557213302975 2.25210596268766 2.25869659008971 -0.499827058503391 0.692309581126472 0.324438053844767 0.653192213275965 -0.674190106217207 0.722800487112699 -0.430239597298181 2.21367264652501
"5" NA 0.327619951324364 0.141769887247808 3.14116399959944 1.07061184059058 -0.0744107141890637 3.20143747256085 3.20803169132049 -0.280856998077898 1.07811235508924 0.131681035614693 1.04026942411076 -0.208467861821843 0.04906712880759 -0.17604118042286 3.16304685340016
"6" NA 0.44389602802074 0.160726633961232 4.049874381991 1.41120848177698 -0.14938105344098 4.09835090854722 4.10494153594927 -0.703901677038654 1.41870810732576 0.378551492086228 1.38717482262552 -0.00128742554404479 0.204379627213656 -0.832734155373191 4.05991759238458
"7" NA 0.584525415696792 0.197515617516526 5.23632029228904 1.71820223466373 -0.189943812127361 5.30249223845307 5.30908825289149 -0.108743829211756 1.72570274916239 -0.249819106813697 1.68281039223131 -0.405409716769534 -0.352669785434155 0.133194951839543 5.26412296779334
"8" NA 0.805579977871295 0.306844728916285 6.3933708579768 2.13388864893039 -0.16969650422223 6.44774585773566 6.45433828081655 -0.0570797093603188 2.14138871895408 -0.258620799660389 2.11318202493346 -0.180526003639657 -0.195944018769071 -0.242806646339619 6.40933389007394
"9" NA 1.00521364889002 0.37810619034587 7.85960730083319 2.45360638110167 -0.169070280198739 7.92872848359853 7.93532539587643 -0.318880201318902 2.46110778455023 -0.0153463437637827 2.4263382174927 -0.130045410227974 0.0786495448773426 -0.599954452932335 7.89036988718928
"10" NA 1.21885340878736 0.398661266854142 9.68584971500494 2.91522302245351 -0.276580189017856 9.73137700495981 9.7379667345225 0.0289826410470902 2.92272398142716 -0.543908630976474 2.8815293547561 -0.919987287474885 -0.348856347016829 0.433132132261008 9.69293301454673
"1" NA -0.062455230470043 -0.0695813453838073 -0.00482124565206158 -0.00524746234879299 0.0399338032709259 -0.0313958933851741 -0.0147696835036745 0.320072465269903 0.0367088866454405 -0.377293037531037 0.0418186683435678 0.00489601382092378 -0.419547549636892 -0.373557662969285 0.634252477613726
"2" NA -0.00135951968876108 -0.0589376480176165 0.631029721958045 0.192363074632676 0.682248750815117 -0.0727666231760133 0.191396777889543 0.214291721453599 0.679044701233312 -0.359710404499204 0.683838132023428 0.207092137935421 -0.231644219231397 -0.332336882517398 0.295970081536334
"3" NA 0.118462908766547 -0.00658910141848774 1.28268762706085 0.519489356419906 1.33067466595089 -0.102813843768247 0.511033919565868 0.00961795940248123 1.32746018284723 -0.21345004962903 1.33241178909136 0.52007815334363 -0.198484206628751 0.100603958336834 -0.150945443935883
"4" NA 0.249775009489376 0.0586720582916047 1.99337230488672 0.710682592757318 2.04135934377678 -0.0749281763407439 0.701983167068033 0.404053214665672 2.03814486067309 -0.543044371229121 2.04309646691722 0.705238739282095 -0.763486880106638 0.477268104933245 0.202754227534788
"5" NA 0.363269167430726 0.0921446486824809 2.88740413882872 1.04018625548597 2.9450871476199 -0.127758947674273 1.03144415787821 0.356928200463732 2.94190396508175 -0.599978489022793 2.94638104496384 1.05657454971808 -0.523985444949296 -0.35071425056335 0.466668378623633
"6" NA 0.550538753418952 0.184875824376273 3.94060530947853 1.47513678013713 4.01121627813793 -0.136726542350358 1.48101948473982 -0.0272680391506829 4.00807482968713 -0.248964210891726 4.01191920775314 1.50510978945038 -0.0989146910491715 -0.0134777451434433 -0.259897094519059
"7" NA 0.669482069233976 0.175106931873797 5.24813028417421 1.76250362558728 5.31227727289952 -0.231729478754424 1.75988923576997 -0.15089614529851 5.30911495740504 -0.309650835125657 5.31327568637915 1.7748990193253 -0.179032636115123 -0.582145424540468 0.0310128876171983
"8" NA 0.862879112405914 0.251142626752699 6.43743589393715 1.94024663195177 6.49188691276127 -0.185968913961412 1.94632077632503 -0.172178498143586 6.48869329670131 -0.202865177932161 6.49332855203736 1.96383438525341 -0.476380611053312 0.549705723200945 -0.454979843136681
"9" NA 1.05285026371591 0.302396396370787 7.90603526449789 2.31818871893608 7.96695026325614 -0.230468616674845 2.32598041250976 -0.244889085965089 7.96377751423982 -0.21918382918376 7.9680964186679 2.34821500356263 -0.38052140127999 0.169465660305286 -0.368894600104433
"10" NA 1.23974293696239 0.321569875175869 9.60240068771656 2.79032944922482 9.65685170654073 -0.343132668486463 2.79785318137161 -0.0483477227453573 9.65365809048076 -0.631668296263172 9.65829334581681 2.82561998604938 -0.830638619067376 0.236393748855422 -0.278838061134811
"1" NA -0.052633759400536 0.0771221062045318 -0.0405169581766334 0.0244454710173463 0.0663194740437142 -0.0515773326938685 -0.0574265371740182 0.0249670769280409 -0.00794647898929923 0.12257946995565 0.0352691491254466 0.294150495492524 -0.118724313310698 0.0178945320980267 -0.0530499587622007
"2" NA 0.0192542201091907 0.0691520096476125 0.713155284651909 0.25456393533135 -0.010510466549684 0.700345769019991 0.694493787538006 0.239429239784741 0.378598339975882 -0.387026785268711 0.244207686304253 0.659716829183378 -0.089214746713624 -0.571683156361596 0.698877637598922
"3" NA 0.162374419269193 0.142662017995997 1.42735956919472 0.494324384095774 0.0150914950375993 1.40930263021881 1.40344231773125 0.485747935943121 -0.0359667950133052 0.0562037858155995 0.487970934608914 0.185282238677772 -0.097917406886258 -0.0303975123852481 1.40784798273953
"4" NA 0.278684512596081 0.19812462905286 2.18364305615461 0.882707163986355 -0.0251324586198443 2.17258268163739 2.16673347715724 0.880946309521652 -0.0390149595839704 -0.0217449870048351 0.894918455920429 0.0319000583589954 0.0879388900576888 -0.198110954489905 2.17111005556906
"5" NA 0.345389970552603 0.194859902397965 2.91701859689508 1.00307076136472 -0.0645236129392935 2.91295478683649 2.90711669036377 1.00200527124956 -0.590308870375679 0.428093246326087 1.00855412145397 0.201845203461974 -0.807310433367168 0.41829464404471 2.9114641821791
"6" NA 0.561283673330428 0.296744838451081 4.19592962147631 1.52804776742563 -0.0843098925113053 4.19361495253241 4.18777963306156 1.52991199476135 0.105554542734173 -0.274965406541179 1.53162058984889 -0.13923455435089 -0.0649048763927622 -0.0427456886043279 4.19211985322775
"7" NA 0.688178458567809 0.290891584145177 5.48061834132217 1.73284493547742 -0.150865844863042 5.47480539014892 5.46896451667435 1.7308536412752 -0.0548322992492836 -0.248719479780631 1.74421487692819 0.512459422691278 -0.603830370933455 -0.337838420160034 5.47331928013881
"8" NA 0.896570246319101 0.392308459485454 6.61484591949151 2.13723303733366 -0.13725627175771 6.60903296831826 6.60319209484369 2.13907313953144 -0.437906581101144 0.143158478110514 2.15095924864213 -0.106274764581542 -0.771021578039221 0.467843672712065 6.60754685830815
"9" NA 1.09899640114966 0.448767147619167 8.14944848523438 2.4587340272372 -0.156423214953106 8.14013725183176 8.13429082435349 2.46602860430638 -0.510239576634612 0.173005367140528 2.47489958568098 -0.594209666341127 -0.250517272154605 0.365786800719058 8.13866013111616
"10" NA 1.30771018448915 0.488355498210333 9.82488353138701 2.86264627920124 -0.222322040458284 9.81382315686979 9.80797395238964 2.86459626865434 0.0531419269817226 -0.489315513299808 2.87013891228304 -0.343673366600282 -0.13939407719387 -0.170596630065182 9.81235053080143
"1" NA -0.0976830771411367 -0.19552190353806 0.0444814399437462 0.101471486063352 0.00637614427955407 -0.184799774681017 0.167823918254903 0.0977656763648723 -0.187719490939961 -0.152535944873441 0.541327403368621 -0.176702353936631 -0.555078687942986 0.103101917516513 -0.0284249606352974
"2" NA 0.0255371870400544 0.563155972242493 0.0862090156411906 0.259708195791015 0.0151536599720082 0.557370959338557 -0.0308677147988963 0.252659164581919 0.554443307839383 0.0558275028561406 0.615017924872858 0.565440103569093 0.188764738621129 0.26065823354758 -0.780324654988942
"3" NA 0.171218211638818 1.37303669055785 0.166178743545887 0.595872141418754 0.0244466035737326 1.37324207646953 -0.101162329016159 0.592336489483657 1.37032236021061 0.139533431079386 0.33581487138575 1.38133949721392 0.137171470301602 0.599929281752816 -0.396102570722138
"4" NA 0.28963488978072 2.24010377225223 0.199068265395257 0.89967947714774 -0.0196386001817764 2.24185785079615 0.123061097596023 0.894879592130218 2.23893218310704 -0.158572363098265 0.189382981657709 2.24993406415514 -0.245080476623478 0.910220917057226 -0.013099062294869
"5" NA 0.362415439193521 3.04597104659758 0.198426664360376 1.10095953531695 -0.076240686754407 3.05929727648966 -0.545108037700609 1.10219143445697 3.05638152785085 0.364035766398111 -0.300342317415312 3.06740883549101 0.267851151245528 1.11716263988669 -0.12984895272009
"6" NA 0.500779591202746 4.1050981384113 0.226816838964713 1.41074419145722 -0.128018691775979 4.11281775511567 -0.433513298651828 1.40734742443564 4.10989605504671 0.159995033914067 0.0320541954363487 4.12090810673163 -0.324812742205181 1.41587824797795 -0.0861274775812444
"7" NA 0.6934565012122 5.29528275066888 0.307837957247366 1.82996794656698 -0.142966796396052 5.30867055639607 0.128054741969938 1.83600886184015 5.30574885632713 -0.408071883272192 0.0879472602740641 5.31676090801201 -0.470652264923936 1.8499356793713 -0.0665636573099268
"8" NA 0.952730996012401 6.58672605886159 0.458485469680175 2.29073290787949 -0.0792971366788303 6.61225344784091 -0.656388214717545 2.28949121030636 6.60933571539207 0.467563789967152 -0.152830299811327 6.62035793771379 0.702558852231393 2.30720483033576 -0.703667317499311
"9" NA 1.13888905155684 8.21406972351265 0.476416157853413 2.6003418955905 -0.143434939045661 8.23066410762056 0.00594629050736771 2.6026529341861 8.22774637517171 -0.289276150931802 -0.415985330081135 8.23876859749343 0.0546405512613877 2.61574024530849 0.00333749953074475
"10" NA 1.25062967412662 9.73302762788066 0.437548835320996 2.79095467915979 -0.248847450217194 9.78211402842322 -0.196565421937553 2.79312106630324 9.77919827978439 -0.301642438735513 0.117537434981603 9.79022558742447 -0.419599320689769 2.80719788721096 -0.460052105559244
"1" NA -0.166911584934406 -0.113345169439662 -0.0495373753628476 0.0104802282306681 -0.0306678363935606 0.0494699725476541 0.0494654719851316 -0.529668461009092 -0.0306708342955302 0.647006401838442 -0.577069059522923 -0.0488880300299404 -0.0293975658093263 0.659696277959675 0.0592873755769912
"2" NA -0.101853619430124 0.491396977639836 -0.0396796340233116 -0.0597682316771668 0.577571560748484 0.343196668315574 0.343192172455779 0.13051724921059 0.577568567549264 -0.284002656891864 0.0738538537302113 -0.0160103888772825 0.578748908259103 -0.234134158918407 0.348969901202347
"3" NA -0.017370100079264 1.23849427954249 -0.0288198682893173 -0.0945836765081424 1.32816611271367 0.512171045995681 0.512166547784529 0.0819719359996888 1.32816312421721 -0.302638505789655 0.157656270264942 0.0600757784382397 1.32925053715071 -0.486460292205566 0.51626301093851
"4" NA 0.0992280783920911 2.08679940450047 0.000124625151293061 -0.147042571750744 2.16597948748399 0.824278774796258 0.824274274233736 0.162682946265059 2.16597648487929 -0.512027912087293 0.268897217999204 -0.109535008193502 2.16734268114186 -0.60176052568355 0.837648448568431
"5" NA 0.220603698275975 2.87082516332832 0.0542253650180859 -0.144966238554329 2.96749149662462 1.05871631297807 1.05871181006417 -0.375755858595528 2.96748851753362 0.127004019483357 -0.210469015607498 0.389338144761402 2.96839007491443 -0.554217198327501 1.07290141152169
"6" NA 0.397404853350678 4.10976954188345 0.111422378073008 -0.166942965042041 4.2029386251172 1.39302141443223 1.39301691151833 -0.00247907590337766 4.20293564132347 -0.360748626535803 -0.157065796588636 0.128298305608499 4.20393012648061 -0.427581940615116 1.40379091639494
"7" NA 0.567496090844378 5.04402434175101 0.195018324781006 -0.139164772008545 5.13369617492223 1.67197949900095 1.67197499608705 0.0473480819561547 5.13369318642573 -0.358953445994407 -0.246616604014255 0.423034720278076 5.13478059935926 -0.523507787867619 1.68968640418335
"8" NA 0.726588280749795 6.43064377280958 0.222483283901921 -0.21657770014435 6.52731010610581 2.06826568855164 2.0682611879891 -0.0986427962780081 6.52730712701488 -0.355552524221784 -0.0777977890445848 -0.205378544279308 6.52820868439569 -0.354631894450321 2.0978157137677
"9" NA 0.943614308106634 7.78713977617288 0.31290153614692 -0.213923274921702 7.8908006095943 2.46236008531233 2.46235558004706 -0.356723372380859 7.89079763990882 -0.0456419148645072 -0.683918411557523 0.425517745835828 7.89151334173689 -0.29026173267704 2.48973920708511
"10" NA 1.17793790659833 9.56389946451939 0.37743157517671 -0.266856838734636 9.65007404762796 2.94850448447928 2.94849999332224 -0.491853198662981 9.65007105442881 -0.00171349302909766 -0.839695953531144 0.294733587048794 9.65125139513867 -0.1574622618045 2.97484114714555
"1" NA -0.0361340718360296 0.0590280520560039 -0.0885294567275264 0.0477266447925808 0.0357457227621662 -0.0927369570147389 0.0455628001185399 -0.0189219320350619 0.107460207083675 -0.0911192909621258 0.257806643643012 -0.0635442714967331 0.0769790878611301 -0.13598276891459 0.123735840816389
"2" NA 0.0302961066722781 0.0620056303156608 0.53391484018143 0.0177214425045447 0.150807810109552 0.529707339894204 0.163119985837849 -0.546972099263699 0.539226428096879 0.531325005946828 0.362017733819494 0.55890002541222 0.193807568081696 -0.606583869538516 0.411351120335698
"3" NA 0.157248754889085 0.126891529734688 1.33994249827624 -0.0155175940227601 0.561734726440424 1.34141896719192 0.563189981968915 -0.123890277603387 0.0907627208387322 1.34294637028561 -0.307191529817839 1.37053589645469 0.593173672686801 -0.382427936146706 0.655091443419119
"4" NA 0.314259693797944 0.193984564900772 2.17068101633481 0.00962808451947141 0.763343719491351 2.16647351604758 0.766686169457116 0.347481164539807 -0.298310861918861 2.16809118210021 -0.341494883322439 2.1956662015656 0.795258006429396 0.109115708769871 0.27926963427222
"5" NA 0.398557885642035 0.192866233105252 3.02372792093538 -0.0955577089961753 1.12029961453551 3.01952042064814 1.12657043405526 -0.533128625689527 0.317264565466854 3.02113808670081 -0.362670182537447 3.04871310616618 1.16146076600551 -0.458346986200059 0.55045495570437
"6" NA 0.524798222259199 0.219056937903049 4.12571136311318 -0.13801559017405 1.38550024140893 4.13002981663034 1.39348127962969 -0.00800966666387452 -0.251354426099762 4.13151208824449 -0.626692657496667 4.15910886776549 1.41757972782606 0.19250692078685 0.0271761160694333
"7" NA 0.703018014845768 0.273007461819869 5.43741385756474 -0.15857749993143 1.69443006773686 5.44741628028486 1.71320774128051 0.0597393235727022 -0.358040502766979 5.44880828894003 -0.66242558275811 5.47641957516476 1.73543150676995 0.175570891988401 0.0117518057223444
"8" NA 0.873037610125183 0.314559064791169 6.71846753210548 -0.186648140853945 1.97413485959868 6.72278598562259 1.98022737688416 -0.214007853553522 -0.149318903180584 6.72426825723677 -0.573229245258213 6.75186503675774 2.01343239495036 -0.0382935158873895 0.0733435522424278
"9" NA 1.07233272486715 0.390153581161122 8.0611865998703 -0.230264415306944 2.45710402011449 8.07687299179332 2.47490779861841 -0.0496958873507942 -0.38950788978274 8.0781747374895 -0.584631142121375 8.10580053041795 2.5062359532841 0.306530754176331 -0.373510818847115
"10" NA 1.29693143907983 0.451471960758051 9.74024904178721 -0.252740827845553 2.81375411360909 9.73888352610147 2.82559568877191 -0.0511678092772543 -0.426155467109887 9.74045606067463 0.135191288888659 9.76803833349185 2.85850849920585 -0.280264434836819 -0.44099808466379
"1" NA -0.00200940735278524 -0.0700354178720726 0.0281967137064124 -0.0574026804485778 0.0535268949489825 -0.0189225764419477 -0.0872152092020472 0.0499443619569794 -0.025915728662745 -0.0371288301716695 0.0422604110789854 -0.301619600527435 -0.0317444111701006 -0.0301387253194359 0.106969900168383
"2" NA 0.07008020365525 -0.0463450909637433 0.549634863862987 -0.0696998189558042 0.582998351649657 0.128184206380316 0.145968179976339 0.579438637833954 0.125205184065846 -0.262812640565421 0.571754786636978 -0.00678700541575908 -0.119720194688489 0.113711412604192 -0.107718049499278
"3" NA 0.204976551742406 0.0148855319037351 1.40254266793148 -0.0688574563062373 1.44393946226222 0.403874234398007 -0.509594613006717 1.44040256762284 0.402611292251169 0.303236020185166 1.43271881610686 -0.419823010552412 0.445772313421941 0.392209188725338 -0.324382291592167
"4" NA 0.340898960175051 0.0773308380870435 2.1447390676039 -0.112531812804065 2.16605259557444 0.838153507834821 -0.106460929041349 2.16245865299428 0.833779145850985 -0.122948294904609 2.15477465227579 0.166057878978255 -0.151702211927815 0.827993948192543 -0.363016123660337
"5" NA 0.484481289694373 0.138241354614361 3.08738764305564 -0.109432503632776 3.13280109065843 1.09653565404609 0.0993742883256642 3.1292756056072 1.0948596931711 -0.295535708703495 3.12159190393173 0.366685620017107 -0.154128415096382 1.09647769257452 -0.54574111624091
"6" NA 0.642350942757786 0.206940872396281 4.08905346040575 -0.138113178671953 4.14250021455268 1.50661165109756 -0.761297830610733 4.13899754867776 1.50325209263416 0.394388916117041 4.13131394668328 -0.254396223231025 0.624328515478675 1.49364337761291 -0.869892839694381
"7" NA 0.765435182281069 0.211388820351767 5.27986432403919 -0.188394030612558 5.32929442491397 1.70379384849428 -0.229266589896988 5.32578034945095 1.70742072012646 -0.160945892509952 5.31809669761595 -0.591733146406448 -0.0279856327698038 1.69726026059578 -0.0127437998188601
"8" NA 0.964748723135611 0.312047312067786 6.28454341363398 -0.187422577083885 6.31790690142061 2.14786332717674 -0.135951292929861 6.31434718760493 2.14768631872462 -0.23674441901157 6.30666333640795 0.270561227516938 -0.276598603104267 2.14371483015928 -0.549310644564394
"9" NA 1.17145180293821 0.345705086344673 8.11742915442351 -0.213798872794999 8.17087590857045 2.3907428270928 -0.371197962328145 8.16737324269552 2.38910982045752 -0.0818847982997603 8.1596896407011 0.0760838376001886 -0.0425461647874249 2.38223688810837 -0.691658088795071
"10" NA 1.42383457700462 0.431247084379161 9.87137891277709 -0.222957099987999 9.90875905383579 2.81432644714348 -0.686726014166369 9.90521074960829 2.8163857470505 0.171771922051644 9.89752694825177 -0.947387743918652 0.274346882076657 2.81208876963685 -0.104429345882228
"1" NA -0.173789455009322 -0.0146139397472169 0.137890460730527 0.161560685112126 -0.0124221206041458 0.0097034918989703 0.0829358036084368 -0.0752093258097013 0.153367589614656 -0.0203924578897243 0.137337295342769 -0.180002946729854 -0.0334743575469299 0.0224293648079956 0.0838635487253521
"2" NA -0.0530010839217749 0.0653377990259891 0.662783724856827 0.689455982943616 0.371020115407632 0.00262867999443069 0.139644355602598 -0.146628451138195 0.681274766366891 0.371765933330631 0.665244214398447 -0.173398118804903 0.360187663310074 -0.0790229352588219 0.151222383684339
"3" NA 0.0354552374798722 0.099408422158553 1.2772865328898 1.31296489209211 0.517301873709557 0.00393397118337715 -0.632851824381266 0.601832604789154 1.30481931227765 0.504799958776658 1.2887879872195 0.368420238053473 0.486732830181398 -0.615064178768099 0.242030766919254
"4" NA 0.149311614359579 0.109732350852936 2.26807214012302 2.29174236450462 0.774201656989291 -0.0563676755316014 -0.205028534722983 0.0722435970671547 2.28354926900715 0.76915109272106 2.26751897473527 0.142967329422153 0.754361667833663 -0.367941491124938 0.0159810197764857
"5" NA 0.295937365958311 0.183655654246035 3.0873075266773 3.11998385217445 1.09576396043955 -0.0546653531774571 -0.603982576675393 0.460946666762328 3.11182639343923 1.08522496234829 3.09579532607765 -0.222246555357239 1.06927894987116 -0.76061218174271 0.705102344508022
"6" NA 0.446815544835814 0.225872389402514 4.25271390125363 4.28238819304561 1.4380287160134 -0.0976237964548567 -0.129921053502004 -0.0795138527992505 4.27421885538963 1.43650026488011 4.25818804572458 -0.041321866077511 1.42506759580716 -0.0566326324717687 -0.246387861887378
"7" NA 0.58815730098733 0.278580000990522 5.24662576179111 5.29131022210897 1.81292998832119 -0.138621428806666 0.0634290582182073 -0.342753638272874 5.28320027905673 1.81124112935645 5.26716818090888 -0.236839097578062 1.79302733495778 0.0224125994073468 -0.26715997894552
"8" NA 0.776414809767859 0.333679921054021 6.65158917012974 6.69927566415273 2.12732175237852 -0.158241105008585 -0.151386931314086 -0.173998728593926 6.69117760002125 2.12445482341709 6.67514524417692 0.38635380676384 2.11033711866521 -0.565945644936477 -0.267441700881989
"9" NA 0.969021101606588 0.408831533314227 7.9561503814898 8.00984094292325 2.54708948360599 -0.181967129076975 -0.0912048122724421 -0.282041108120245 8.00176663663329 2.55462847069176 7.98573376539557 -0.382654756881452 2.54861696277112 -0.266529164304091 -0.00139534198395143
"10" NA 1.23472216211103 0.497110141601921 9.67235270310635 9.69902496119311 2.84045643738847 -0.152358726212594 -0.179767648219531 -0.134255704887244 9.69084374461631 2.84029574198197 9.67481319264789 0.769917873870899 2.82668394444068 -0.389645050607908 -0.731872344355135
"1" NA -0.109693841472635 -0.0374891962096544 -0.000943079937260193 0.00583942388090138 -0.0180022039276422 -0.0550270324759471 -0.0555336085695993 0.0961912024859708 -0.155110136862773 0.001952282255228 -0.0510057328697828 0.00754381706212094 -0.136106217611391 -0.108494193182869 0.164677292242279
"2" NA -0.0258832050186237 -0.0207216582997339 0.702242329205731 0.711366922850406 -0.0996756599135886 0.306283984069462 0.304590813246728 0.204596003592335 -0.447356046012006 0.707403915268323 0.308508148029953 0.713067911417535 -0.26329676899353 -0.724595974340359 0.558973651791707
"3" NA 0.0783068611766075 0.0204895425663724 1.35725529757091 1.3687219810421 -0.0921486123806143 0.463047631775082 0.45977284696331 -0.500333752780576 0.360409987262228 1.3646831075036 0.463461888622521 1.37041956499512 0.52203608384454 -0.348207305615671 -0.429853308135299
"4" NA 0.255522964861965 0.142574342327215 2.12657445132954 2.14506740428027 -0.0371859591200898 0.823573079026752 0.814488198134754 0.0581667682777352 -0.144423044872526 2.14080093287248 0.823012425905109 2.14675477439098 -0.269850440794589 0.555052639479009 -0.298136680005044
"5" NA 0.396111812950388 0.196745325069516 2.96498965857269 2.97879843187037 -0.0513870250694618 1.11353309745007 1.11093532396831 -0.0404364149983218 -0.0666142699458465 2.97468369237544 1.11651291009977 2.98049261120931 0.134258418035594 -0.445361130261202 0.107579055945988
"6" NA 0.494450137560606 0.19005742348099 4.04053779055573 4.06137283333297 -0.142302402651208 1.40047031692463 1.40238592928932 -0.478301421273673 0.230224565494534 4.05703049596878 1.40600970909248 4.06305679882957 0.299186721411828 0.00838276169391905 -0.655242007913271
"7" NA 0.670782290894864 0.271220035566796 5.13734335829444 5.16286258072462 -0.133075385775463 1.73574960207214 1.73654090854971 -0.465255289676042 0.237114808415877 5.15836851144759 1.74078447263904 5.16453973699307 0.376292806028711 -0.569781999124833 -0.230481211663436
"8" NA 0.889762006331513 0.34294522602226 6.60167936960127 6.62251441237845 -0.159442661707605 2.14728529014449 2.15496872421535 0.0698828005667099 -0.420988136886524 6.61817207501426 2.15448126556311 6.62419837787513 -0.544292158520769 0.138230195352364 -0.0473637342229182
"9" NA 1.038383470989 0.341127435054807 8.10425413488344 8.12040499800766 -0.255918226766543 2.4791117983236 2.48572305410507 -0.554464967228607 0.0765893186417096 8.11621439255627 2.48524616056416 8.12209577273245 0.221446494085826 -0.570777566020965 -0.421759271687223
"10" NA 1.25454219913161 0.407942869350945 9.63252873605991 9.64867959918409 -0.29727496755277 2.92218775558165 2.9282538071144 -0.490482806067721 -0.0805221266474881 9.64448899373273 2.92873502230054 9.6503703739089 -0.270816142197735 0.0899997539610138 -0.62482204832245
"1" NA -0.0976830771411367 0.0444814399437497 -0.195521903538073 0.101471486063352 0.00637614427955407 -0.184799774681017 0.23294983702894 0.0970776140109659 -0.263660640752203 -0.187890536693413 0.00369505911801109 0.0923386061693194 0.298241699878701 -0.311863621289771 -0.182571254289193
"2" NA 0.0255371870400544 0.0862090156412075 0.563155972242503 0.259708195791015 0.0151536599720082 0.557370959338557 0.493016070311015 0.252596922411503 -0.548490788530214 0.55431273349906 0.680662289398081 0.252339979204488 0.188346907771087 -0.889505367055025 0.559602695476371
"3" NA 0.171218211638818 0.166178743545875 1.37303669055785 0.595872141418754 0.0244466035737326 1.37324207646953 0.31548013399593 0.592858591854669 -0.323101433624821 1.37015131445714 0.256783254006123 0.593670848333709 0.16702969990043 -0.376524550683217 1.37547059686137
"4" NA 0.28963488978072 0.199068265395274 2.24010377225223 0.89967947714774 -0.0196386001817764 2.24185785079615 0.250135047879243 0.899077237861735 -0.344452419030565 2.23879149091343 -0.0760167964077207 0.90534070935938 0.308584057763585 -0.324941810523818 2.24408878299749
"5" NA 0.362415439193521 0.198426664360373 3.04597104659758 1.10095953531695 -0.076240686754407 3.05929727648966 -0.250766646857759 1.09879001194906 0.120954150523125 3.05619024639083 0.485692411620401 1.10619327677296 -0.773006448257833 0.134681247291741 3.06152418900851
"6" NA 0.500779591202746 0.226816838964733 4.10509813841129 1.41074419145722 -0.128018691775979 4.11281775511567 -0.487548714979347 1.40322261903058 0.288933031507039 4.10973512714653 0.259797240310566 1.40990220042686 -0.642877485816311 0.0715690467248822 4.11504707944405
"7" NA 0.6934565012122 0.30783795724736 5.29528275066887 1.82996794656698 -0.142966796396052 5.30867055639607 -0.0708854256783574 1.82284146786191 -0.23383362451973 5.30558792842694 0.0318733114092501 1.84452134908314 -0.0210381950207968 -0.455822457779507 5.31089988072445
"8" NA 0.952730996012401 0.458485469680215 6.5867260588616 2.29073290787949 -0.0792971366788303 6.61225344784091 0.0367141350405774 2.28576687918672 -0.223902938687018 6.60915455178531 0.340751048947953 2.31054746327724 -0.323381381737634 -0.235408998327352 6.61448116429637
"9" NA 1.13888905155684 0.476416157853386 8.21406972351266 2.6003418955905 -0.143434939045661 8.23066410762056 -0.11366521727163 2.59278800132109 -0.185956989236329 8.22756521156493 -0.167116706734601 2.62373646241475 -0.0479428216065216 -0.209377084827294 8.23289182407587
"10" NA 1.25062967412662 0.437548835321021 9.73302762788068 2.79095467915979 -0.248847450217194 9.78211402842322 -0.355181720392501 2.78334016500656 -0.132178063997456 9.77900699832439 0.0981505440299986 2.81388344801202 -0.513504344986088 -0.296730631471053 9.78434094094193
"1" NA -0.00819334860115508 -0.0807446626064678 -0.102417102401849 0.0326678369207595 -0.0274503831988198 -0.0233975449007537 0.00692648433516998 -0.0590874932146823 0.0384949854520171 -0.0286000923184865 0.0906948451546917 0.288063585334672 -0.464640477173496 0.0369516386114041 -0.0228919474280105
"2" NA 0.0681912658024249 -0.0866090313752253 0.626941926569844 0.155347930085384 0.698341613987436 -0.0670701289897561 -0.421806234220234 0.283721704320439 0.151812020252368 0.697202718513017 -0.246179373391363 0.226597336291037 -0.203585792565313 0.160436274014938 0.702907007375399
"3" NA 0.212525314443223 -0.00753548440084944 1.41098035059819 0.506473417454545 1.4841635539085 -0.0658826805186251 0.122587963697367 -0.25630345788149 0.507279278798903 1.48301925161145 0.545288036600964 0.0717514462076574 -0.795707973291233 0.506425645153348 1.48872546848788
"4" NA 0.322863211804228 0.0421797077364796 2.06692259497241 0.780463766234587 2.14367283006813 -0.0813069464671159 -0.389052952301178 0.221401092175193 0.777491821933471 2.14251771412585 -0.498809177185095 0.409696995814537 -0.20096006026802 0.787058364900807 2.14822778703038
"5" NA 0.428397529322017 0.0651855015079622 2.93266691300347 1.11445423806535 3.01120066399194 -0.14791696641118 -0.277901887955808 -0.0212752092065881 1.11015139815257 3.01004014122701 -0.158879835683651 0.262014346100792 -0.570939562458151 1.11804724069312 3.01575214214561
"6" NA 0.609182620923218 0.149471810852374 4.06920747889885 1.40149029398363 4.15130826167273 -0.121290810991945 -0.173536630297791 -0.0737604868917936 1.39998513913965 4.15013692526257 -0.18465707451252 -0.375061914348378 0.228082226932534 1.41097888278348 4.15585278220922
"7" NA 0.738828224290223 0.175722150636937 5.11195716771118 1.68515609244354 5.19584146637776 -0.169729901825475 -0.243112478436512 -0.101863996413056 1.68360226414494 5.19466472314496 0.040943294163932 -0.0536160122264435 -0.487630682476842 1.69115188091996 5.20038250810571
"8" NA 0.947270141062809 0.234592348421579 6.63163798178203 1.99586020936328 6.71195524866325 -0.18343016547099 0.5140252983015 -0.874204072959011 1.98478003837571 6.71078931907568 0.681971523635984 -0.873490330082828 -0.255591340147826 2.00107848024499 6.71650324800835
"9" NA 1.11689773505047 0.275095140511302 7.94593550605458 2.41125796809641 8.02625277293579 -0.251215357455911 -0.193113410051415 -0.313609497900354 2.40708556158235 8.02508684334823 -0.126583546386413 -0.438837900476396 -0.149698458058268 2.41597956904403 8.03080077228088
"10" NA 1.38919678654432 0.379723409328075 9.62255188086254 2.75305161792417 9.69216805238745 -0.214930547670936 -0.0657816134728788 -0.367993984807568 2.74871769689067 9.69103456373571 -0.16796262193713 -0.368855368644479 -0.0761805998292477 2.76053379044463 9.69673692458398
"1" NA -0.0361340718360296 0.0590280520560039 -0.0885294567275264 -0.092736957014743 0.0477266447925817 0.0357457227621823 -0.0986501809653777 -0.0778068633820703 0.0650254245330432 0.226706196409143 -0.0812951965985152 0.0537890017972586 0.318244125639506 -0.185646396062277 0.0619916408700006
"2" NA 0.0302961066722781 0.0620056303156608 0.53391484018143 0.529707339894209 0.0177214425045436 0.150807810109547 0.15072576833861 0.544637433526879 0.172947825487451 -0.0954673789548997 0.541149100310437 0.167506861708579 0.0517990190980946 -0.440226523164477 0.466671653595711
"3" NA 0.157248754889085 0.126891529734688 1.33994249827624 1.34141896719193 -0.0155175940227617 0.561734726440412 0.259396006895047 1.3564526190131 0.580564299703743 -0.272829456186257 1.35279892477853 0.576532855116863 -0.585642416814075 -0.199505606328229 0.718706154599488
"4" NA 0.314259693797944 0.193984564900772 2.17068101633481 2.16647351604758 0.00962808451947289 0.763343719491362 0.225453996829358 2.18140360968026 0.790634240299326 -0.187629427184496 2.17791527646381 0.777559250430792 -0.378206033095101 0.128260774913819 0.285823416018343
"5" NA 0.398557885642035 0.192866233105252 3.02372792093538 3.01952042064813 -0.0955577089961756 1.12029961453549 0.479287905386793 3.03445051428083 1.14240802416826 -0.66733502220137 3.0309621810644 1.13928079631781 0.136738525524195 -0.806495247696361 0.423796693155181
"6" NA 0.524798222259199 0.219056937903049 4.12571136311318 4.13002981663035 -0.138015590174059 1.38550024140895 0.0485581343113307 4.14511524754577 1.40791249761954 -0.292106116128225 4.14137887280214 1.4005911350654 -0.57364497003902 0.190922468811814 -0.019539196890937
"7" NA 0.703018014845768 0.273007461819869 5.43741385756474 5.44741628028486 -0.158577499931425 1.69443006773691 0.0173629279018387 5.46260526938872 1.73274719306642 -0.306767411667424 5.45870353362701 1.71882403457019 -0.38960242151426 -0.0685503755228029 0.000857932341312145
"8" NA 0.873037610125183 0.314559064791169 6.71846753210548 6.72278598562258 -0.186648140853948 1.97413485959869 0.205970603108939 6.73787141653801 2.00766560235802 -0.559574983670308 6.7341350417944 1.98491032845714 -0.790219850445461 0.124979016102362 0.108026305119857
"9" NA 1.07233272486715 0.390153581161122 8.0611865998703 8.07687299179332 -0.230264415306946 2.45710402011448 0.000813891208956158 8.09216553908571 2.50312746431381 -0.431997522590613 8.08809844230583 2.48392994541195 -0.322042502837906 0.12619968118974 -0.453581640837219
"10" NA 1.29693143907983 0.451471960758051 9.74024904178721 9.73888352610147 -0.252740827845552 2.81375411360911 -0.249868384941367 9.75386539882844 2.85387943253087 -0.203025961394917 9.75029438510288 2.83233567997237 -0.198856434611873 -0.222317223236488 -0.282171820340164
"1" NA 0.171428549825576 0.0118036926020937 -0.0604647499287884 0.0456582365472694 -0.0183208449906723 0.0779466710670539 -0.184785036913858 0.240247044488165 0.0742857142286416 -0.0221062032573991 0.395407533843537 -0.113328349280852 -0.0313296890468878 0.0597287171017311 -0.171475664193932
"2" NA 0.204701069242996 -1.70636536519763e-05 0.419480118953988 -0.0525386142701027 0.466587224391665 0.368200329123815 -0.42915622793042 0.269169664522557 0.364531515012161 0.462801866124951 -0.0827977274468272 0.115485970596821 0.453578380335465 0.368827339055044 -0.237947453940978
"3" NA 0.375119801563643 0.0875345633250735 1.34482130426563 -0.0175104795080533 1.38924489180315 0.642817667613112 0.273349648787404 -0.27626945130905 0.639151472592541 1.38544895240844 0.0246767935036423 -0.618776915716355 1.37625957529167 0.628836108530768 0.493181658432597
"4" NA 0.422656994999484 0.0533538768990998 2.10780124364985 -0.0994196430736241 2.16717174569366 0.767311377297755 -0.382545741608241 0.140984407386547 0.763642563186095 2.16338638742695 0.68022147208492 -0.495308536188433 2.15416290163747 0.761740643958582 -0.503967053122684
"5" NA 0.579342118445856 0.12058658667704 3.12205965994575 -0.118542023197524 3.18571091975662 1.13986646048376 -0.406529315217139 0.126089529454051 1.13619502728102 3.18190968979791 0.0390006740745905 -0.00117975392174587 3.17273736701751 1.12981274911747 -0.421157787478076
"6" NA 0.707986917070469 0.176592904205023 3.98727864911134 -0.119091730374369 4.09817183493882 1.37946374697547 -0.642325171544486 0.330119955556303 1.37580017104598 4.09432298990411 -0.160014142105694 0.389004081284908 4.08530415615098 1.36800542140215 -0.610488124171884
"7" NA 0.924188606162919 0.257687345735547 5.26443413957549 -0.10690140145016 5.3273707942608 1.71153896964206 -0.297474193481224 0.0530143271042497 1.70787801280366 5.32356956430204 0.0583803599624268 0.126197603854348 5.31439724152164 1.69849624636155 -0.524458123088179
"8" NA 1.02072223669422 0.227220351036821 6.5101691524293 -0.203927010510933 6.59207379846965 1.90736362357317 -0.262916402511091 -0.158441845911995 1.9036974285526 6.58827785907495 0.409254121012536 -0.518150794648049 6.57908848195819 1.89624147483548 -0.516729372800522
"9" NA 1.28517966183507 0.351827098477495 8.05323382795654 -0.220054361198204 8.14149770526743 2.52276300455973 0.0124326080283714 -0.428049532166045 2.51909942863025 8.13768589418076 -0.37402287851647 -0.179636151524203 8.12854768007307 2.5203675245398 -0.146310966271788
"10" NA 1.48869465814753 0.399969680317332 9.60099181259594 -0.233746932391476 9.67571915181471 2.79178350838587 -0.422845636358622 -0.0751131339926482 2.78811469427419 9.67193379354808 -0.387076208645535 0.279150772843247 9.6627103077586 2.79020631820523 -0.621605648377106
"1" NA -0.062455230470043 -0.00482124565206613 -0.069581345383801 0.0399338032709152 -0.0313958933851832 -0.00524746234879811 0.317922628386018 -0.362789501004612 0.0394619737751516 -0.0123037302306446 0.396253270020108 -0.0105651119096968 0.149084368013669 0.0373941673427235 -0.597773629787037
"2" NA -0.00135951968876108 0.631029721958041 -0.0589376480176263 0.682248750815128 -0.072766623176033 0.192363074632677 0.205186580344081 -0.339947091901383 0.681790893686452 0.193852525226851 0.159958590418067 0.191773484878658 0.187234927720284 0.679818526449199 -0.527223168911121
"3" NA 0.118462908766547 1.28268762706084 -0.0065891014184826 1.33067466595086 -0.102813843768254 0.519489356419897 0.00733490009539038 -0.204139457785055 1.33020982263866 0.513498171849605 -0.560537813703176 0.511687076700086 0.337834554251811 1.32818973580381 -0.0578399256070086
"4" NA 0.249775009489376 1.99337230488672 0.0586720582915905 2.04135934377676 -0.0749281763407539 0.710682592757314 0.416977426641249 -0.540137930905724 2.04089450046452 0.704447419351777 -0.260181606225615 0.707384589382288 0.689002998644085 2.03887441362968 -0.574008803650062
"5" NA 0.363269167430726 2.88740413882871 0.0921446486824913 2.9450871476199 -0.127758947674293 1.04018625548598 0.365696396440767 -0.592992462163336 2.94464326285829 1.03390670917265 0.422142947289826 1.04174390709813 -0.0103148278044926 2.94276633481622 -0.746651754221529
"6" NA 0.550538753418952 3.94060530947853 0.184875824376262 4.01121627813793 -0.136726542350367 1.4751367801371 -0.0228093218086814 -0.246107379404158 4.01080033811051 1.48348713900213 -0.654355980990188 1.48171822485824 0.166874254796687 4.00911428845881 0.0846580490477698
"7" NA 0.669482069233976 5.24813028417422 0.175106931873804 5.31227727289951 -0.231729478754438 1.76250362558728 -0.135553826172281 -0.317895254859069 5.311847360505 1.76235008607513 0.0751664646290411 1.76150265488768 -0.57253246069421 5.31006587165815 -0.205877843508607
"8" NA 0.862879112405914 6.43743589393714 0.251142626752737 6.49188691276125 -0.185968913961423 1.94024663195178 -0.173146378890934 -0.196967347057776 6.49143604181612 1.94878332761939 -0.201672050509641 1.9580821482974 -0.138737263051876 6.48951139417645 -0.213640663801702
"9" NA 1.05285026371591 7.90603526449788 0.302396396370744 7.96695026325613 -0.230468616674855 2.31818871893603 -0.221237083422952 -0.237433871169847 7.96651336467805 2.32844296380416 -0.617428076986347 2.33269797249902 0.0339630025118566 7.96468415623364 -0.0936628303490368
"10" NA 1.23974293696239 9.60240068771657 0.321569875175871 9.65685170654072 -0.343132668486466 2.79032944922482 -0.0297071020998856 -0.638301569780119 9.65640083559551 2.80031233068748 -0.571005065089701 2.80777453415589 0.123074231976987 9.65447618795593 -0.530409544433961
