"1" 0.0950901263135338 0.0182954027297751 2.04948834278699e-07
"1" 0.038139289435069 0.0185692942796171 0.0400055610552642
"1" 0.0663369422444577 0.0186610084026502 0.000379499483359532
"1" 0.0820002681405772 0.0183090638720487 7.57261054266132e-06
"1" 0.0401748517925733 0.0181753690040777 0.027094072036568
"1" 0.0404080165278288 0.0184534401651923 0.0285610278704502
"1" 0.074418475677264 0.018414396304264 5.34459258694643e-05
"1" 0.0322910504534495 0.0186094449455205 0.0827287798579639
"1" 0.0679869989080894 0.0188151683715723 0.000303290111956154
"1" 0.0309178858352964 0.0182152849125794 0.0896517918983646
