"1" 0.476611125925687 0.166375660063241 0.00418090376850211
"1" 0.390758552954206 0.182401665340268 0.032187431389634
"1" 0.109577838266656 0.174224658151376 0.529395297871102
"1" -0.406461510448759 0.170979936725558 0.0174562718653217
"1" -0.0667230208161434 0.17186477589974 0.697852137426208
"1" 0.415387859941737 0.160028556409205 0.00944977387455568
"1" 0.701723407660735 0.167814343060594 2.91362264564313e-05
"1" -0.112031069343912 0.155161964915353 0.470290625303329
"1" -0.0227656313775127 0.176252573270941 0.89722916052351
"1" 0.638192793097049 0.177544098916199 0.000326099782245808
"1" -0.0427523614174864 0.180690382216928 0.81296634583787
"1" 0.365564831464792 0.1702794196344 0.0318227832112043
"1" 0.211476380798777 0.17226582088799 0.219612349189167
"1" 0.61760630674585 0.195199681415571 0.00155977276107084
"1" -0.059884917489794 0.167536878491103 0.720765634832162
"1" 0.590535052898861 0.182233642733234 0.00119593584418949
"1" 0.413822827341147 0.166474772467111 0.0129381081484468
"1" 0.109793197035623 0.163250020673361 0.501247495660903
"1" 0.35439352527231 0.174623339831573 0.0424296271347712
"1" 0.304403157543612 0.180762448941936 0.0922056661505312
"1" 0.499023738051581 0.172972076794135 0.00392038717224254
"1" 0.491282333059754 0.174435474523834 0.00486337036937949
"1" 0.504200792877346 0.175663089135041 0.00410756913514045
"1" 0.392704280075574 0.164946737646761 0.0172891460737862
"1" 0.403628547373177 0.176504339901895 0.0222234394940848
