"1" NA 2.67393917960699 0.580948545534184 0.229745046555048 0.230959289684673 0.228294535067478
"2" NA 0.236846253477627 0.217454524753304 0.204972743900274 0.189905548687283 0.19817618597007
"3" NA 0.153598517776586 0.182458528888243 0.197236952090367 0.180432143282418 0.193559703576619
"4" NA 0.212225982733935 0.183259227321917 0.19357436936636 0.201686067535441 0.193322565631439
"5" NA 0.273519029134592 0.187351547801827 0.192965425005674 0.181851525940953 0.201003603515905
"6" NA 0.198560446468483 0.234754643598224 0.2073042400039 0.184325772595425 0.201656828703966
"7" NA 0.271292651844933 0.201742582986529 0.204434824618572 0.209757601262787 0.177897008491698
"8" NA -0.20172571764588 -0.207104126093419 -0.194330902322902 -0.193695987558622 -0.213287052524883
"9" NA -0.252594985301434 -0.187853621489203 -0.195022653162754 -0.192243903569021 -0.192633329689551
"10" NA -0.167122869615922 -0.169686186982038 -0.200181770056519 -0.189022984618841 -0.20843461582405
"11" NA -0.210168921583992 -0.21972293439101 -0.182112480974329 -0.181188377267023 -0.173149901777281
"1" NA 3.00599508564976 0.473036268724668 0.0968639691241789 0.0926554704817331 0.163224665972318
"2" NA 0.199571490219818 0.199199266740914 0.202952489670096 0.192161763815961 0.192643082548317
"3" NA 0.120631775234089 0.205368510716079 0.221594631787713 0.216826433966179 0.210977979808076
"4" NA 0.29897728600632 0.226853319563657 0.215379537826082 0.20409265464955 0.20964790429571
"5" NA 0.230570550122865 0.158108531652083 0.198329426344677 0.198810130340014 0.197995654616165
"6" NA 0.133658010393277 0.223245873587756 0.188820576333434 0.192631046892509 0.189132552544547
"7" NA 0.23273544222539 0.220039013282129 0.213258653565974 0.205307681295515 0.208526437120512
"8" NA -0.144918082033988 -0.232794829499667 -0.204363400865985 -0.204429466448104 -0.204995587756621
"9" NA -0.226504684301266 -0.208599418305393 -0.200340514113309 -0.194038429461897 -0.196675861019586
"10" NA -0.194537679989849 -0.182189238352359 -0.173626561135594 -0.178498501902687 -0.174846790766259
"11" NA -0.0666125671423111 -0.121638614806857 -0.180858255135734 -0.182690681070379 -0.178315146283445
"1" NA 2.98256865345641 0.435613740067961 0.0159594408589121 0.0148318320352941 0.0147523338296416
"2" NA 0.206571747278625 0.218838341996317 0.208108693311086 0.207960834109255 0.20768628425557
"3" NA 0.303559099571632 0.188142758970325 0.181564018595266 0.174716979762043 0.18104302327277
"4" NA 0.135399864282485 0.136665218361539 0.1971521418096 0.194143989325957 0.204394900670288
"5" NA 0.158916842288873 0.251655354579784 0.211803483977769 0.212720030054163 0.204836194150775
"6" NA 0.127163433416926 0.143869004123428 0.168716781447401 0.174746591718104 0.168372160631377
"7" NA 0.144906684917523 0.196887211272594 0.208499983291027 0.204907743814335 0.204261669718471
"8" NA -0.232120227108717 -0.153865609009348 -0.19033626629599 -0.187152781437943 -0.187499668770517
"9" NA -0.219744354317261 -0.257567085134189 -0.197222736725274 -0.197708221630329 -0.196521070943738
"10" NA -0.215228184709823 -0.190095933159879 -0.181721617827825 -0.178989692336924 -0.179517701302789
"11" NA -0.152652308440547 -0.169885755879647 -0.204750427470912 -0.206145991487682 -0.203328417083474
"1" NA 2.78073833958427 0.407160420967976 0.0728847218999215 0.0724459371964717 0.072697271994006
"2" NA 0.234037875987456 0.217788074315381 0.209945703013159 0.205776345059455 0.211573915679259
"3" NA 0.220671675425743 0.185520545418779 0.187059880494092 0.18480112873953 0.188318698760868
"4" NA 0.255589666240889 0.249958471218531 0.196373690615421 0.186236954641482 0.202965636221156
"5" NA 0.177867254921331 0.177827076981689 0.213596393747636 0.214295476833629 0.212094620128115
"6" NA 0.195861557427015 0.20104647952004 0.194196974442646 0.190130244521228 0.196818662864859
"7" NA 0.125553757138382 0.168683357546366 0.183855677761213 0.187020321082191 0.171997157597037
"8" NA -0.167143315451086 -0.220321963955313 -0.21596663504902 -0.216222520380978 -0.215490867303592
"9" NA -0.304879559010524 -0.195552607519078 -0.210418612804346 -0.214546374090975 -0.219403487350159
"10" NA -0.186223936589886 -0.208044388370265 -0.197302865203057 -0.191460924630987 -0.191123628754982
"11" NA -0.259389011124506 -0.202626353575027 -0.206666212678079 -0.21245504209377 -0.215505505794515
"1" NA 2.41844885635118 0.503190079792243 -0.0338300904608936 -0.0383441049696405 -0.0358854261587696
"2" NA 0.259674209362668 0.219070939841494 0.205093008625879 0.207154891283674 0.205853670492039
"3" NA 0.136146347239446 0.153526838489896 0.184730440160031 0.179952114609162 0.183807623804791
"4" NA 0.242621399985987 0.205919856208343 0.203945309418711 0.207339779732713 0.206399749841508
"5" NA 0.166355327815705 0.139931005107923 0.187977709575716 0.190911826107767 0.19157224782561
"6" NA 0.219136364387666 0.201286685166085 0.200808736470754 0.199117669529811 0.202613047950983
"7" NA 0.126844778143975 0.153278563946975 0.194919472942219 0.193606520923409 0.198906937239289
"8" NA -0.270288023933976 -0.216239243122079 -0.20669947295698 -0.215756158342312 -0.205128169002017
"9" NA -0.239315127080318 -0.204111167473826 -0.207059669233465 -0.213868847510702 -0.216260382154291
"10" NA -0.207517882934282 -0.201376143293298 -0.207231743582134 -0.202063230716946 -0.210598698824396
"11" NA -0.108587198968435 -0.213198344644852 -0.201024234105152 -0.182635686660831 -0.189716651627701
"1" NA 2.4696452445344 0.478457687292213 0.00502086710041155 0.000990026895370348 1.80240083563707e-05
"2" NA 0.215066790570901 0.183211212757801 0.201057880852134 0.208854240153773 0.199860295879102
"3" NA -0.197453576482648 -0.181866009317621 -0.194057557820543 -0.19634889619931 -0.20164586037917
"4" NA -0.244339537055361 -0.146526562146105 -0.162981368397341 -0.162120520571409 -0.16662278270807
"5" NA -0.266814992753868 -0.203353414248941 -0.200793591748762 -0.195739433862917 -0.197760167088539
"6" NA -0.101260580235188 -0.181712312317702 -0.193152392602875 -0.192111361831211 -0.19398873836059
"7" NA -0.140069507752135 -0.206301722621808 -0.20623585679172 -0.200559997404744 -0.198563601575436
"8" NA 0.25615228060165 0.229618650036523 0.212647438720534 0.216132559389904 0.214625170030463
"9" NA 0.300853033650705 0.234839279365852 0.213906634386171 0.210711214836844 0.212763280353117
"10" NA 0.152907505733847 0.165122600776945 0.181973278424856 0.187947462906417 0.184722227045638
"11" NA 0.276013845543366 0.218099585259723 0.200606267203957 0.201815988132309 0.202234291233982
"1" NA 3.06276277945407 0.601961450551834 0.152722849188275 0.152395974827512 0.152390420591124
"2" NA 0.183647708602986 0.127086165714692 0.18717037268824 0.184764922251802 0.185456580102367
"3" NA 0.233037445648478 0.185432178033711 0.226653830691305 0.229411475089296 0.218526868469939
"4" NA 0.267412912369578 0.203554280523401 0.204437910413094 0.203051633538101 0.20496979163918
"5" NA 0.160179894539735 0.206773227256859 0.19461777929448 0.194159641268725 0.189790348341024
"6" NA 0.187303030287095 0.237063361756402 0.2209612609751 0.218375765539651 0.21779558569468
"7" NA 0.275088459047128 0.195999367402556 0.197181885441594 0.199098364062401 0.195204114904927
"8" NA -0.0734366818191447 -0.185378334674931 -0.180555123992152 -0.182900311660537 -0.189451686732389
"9" NA -0.114133545610596 -0.175121323847828 -0.18879427962634 -0.189259218849298 -0.18145258794311
"10" NA -0.210510015184733 -0.184172210122853 -0.19215747017529 -0.190661917621242 -0.203297633454405
"11" NA -0.215460917814929 -0.250962601534676 -0.195142968354293 -0.197134261788081 -0.193510006174995
"1" NA 2.2689839818336 0.678989484045478 0.103466235907337 0.10386210285673 0.106875059356173
"2" NA 0.21407241616563 0.259193497237892 0.205745754461041 0.201651983555979 0.207305378445742
"3" NA -0.150645027579512 -0.169929144735272 -0.204186135943824 -0.20962727985252 -0.209774181346686
"4" NA -0.228361349816618 -0.195653198723354 -0.196747337492345 -0.190743972398077 -0.201822792158446
"5" NA -0.163465219456665 -0.244000718721104 -0.203613699801864 -0.199124572675014 -0.202629319209994
"6" NA -0.234420717844789 -0.175723120765824 -0.205618903434903 -0.202936950548642 -0.199835263461464
"7" NA -0.184982274696892 -0.184034687919161 -0.209721314076386 -0.21494292542887 -0.198124214822491
"8" NA 0.181960310360146 0.212869699636061 0.206903754421708 0.216527772891832 0.203405996060935
"9" NA 0.257186766416252 0.20740363775673 0.216353196122806 0.215095088982179 0.222488466730389
"10" NA 0.108771580683161 0.127019848954011 0.177296615231378 0.179801596478967 0.167877411444519
"11" NA 0.132183864518647 0.185138582444152 0.206648995861255 0.199154103991046 0.199589805571282
"1" NA 2.91488342036065 0.541844674292698 0.08133440546615 0.0817971924713094 0.0820380402075668
"2" NA 0.205338340614195 0.205387970232279 0.179761625259229 0.176362246469206 0.167812148658568
"3" NA 0.225010429733572 0.222332728406543 0.205879460271936 0.20528143229264 0.214461076780151
"4" NA 0.218942305249352 0.207836447262543 0.19382476285231 0.202370074600174 0.205237928356353
"5" NA 0.176880609231522 0.174866678103883 0.19638523517671 0.197670094366022 0.198916941972472
"6" NA 0.223020864934233 0.200370966762154 0.203450844459645 0.20757923921047 0.20611440716369
"7" NA 0.0915324496003146 0.216737435307434 0.200960609441286 0.202218471667988 0.196950011659645
"8" NA -0.32443039177439 -0.221731616566685 -0.196018498176239 -0.187756193058856 -0.185119457737174
"9" NA -0.304009173674025 -0.234875524795733 -0.205204362716137 -0.207387595529425 -0.20766648529923
"10" NA -0.186175353489323 -0.176578489326498 -0.174980867521868 -0.176091136463405 -0.17371469350694
"11" NA -0.266034827494651 -0.217595350256516 -0.208581056067831 -0.206636144829225 -0.206947625469535
"1" NA 2.51696270431432 0.417798612334139 -0.112316959444079 -0.112974225049418 -0.114292015130866
"2" NA 0.212411427984071 0.236988950754918 0.219792126370674 0.21852726503256 0.227644206936801
"3" NA 0.0917222184727191 0.19483938687328 0.207659687719076 0.206251340105058 0.202951577144877
"4" NA 0.257904849423313 0.225914548629246 0.215959073906864 0.214801848837278 0.21979742601426
"5" NA 0.237819366525507 0.217967923050984 0.219193875193295 0.220991553023271 0.228565395589116
"6" NA 0.199534084088458 0.206934232480585 0.195954944701871 0.194298426973498 0.194874324004312
"7" NA 0.233678239936051 0.236252516716168 0.207359173978959 0.205702996605793 0.209594370028514
"8" NA -0.177582738003849 -0.167680458845465 -0.175712522149324 -0.174411693384089 -0.173313532547986
"9" NA -0.15168959714995 -0.20911619429562 -0.19921913507319 -0.197626518341571 -0.199917801840807
"10" NA -0.293603959781171 -0.214163595738675 -0.193646638862872 -0.192468739999475 -0.185636301977624
"11" NA -0.154233128881044 -0.199315072255927 -0.202000339253173 -0.200635399579922 -0.211404197991585
"1" NA 2.73106849241764 0.384730231783505 -0.089876160170582 -0.0899143872970473 -0.0685564397822913
"2" NA 0.221829735011179 0.19666057868099 0.161999109149571 0.164942795649615 0.167627756545147
"3" NA 0.231066294507861 0.221279131973005 0.220607403985919 0.230884156583108 0.216446893922154
"4" NA 0.20912572279254 0.194031068376515 0.218677727306647 0.232790731378132 0.228589098912881
"5" NA 0.151675132604864 0.176691488095128 0.182518896013661 0.178413536559956 0.175916490916431
"6" NA 0.10523746489278 0.150632883749537 0.174655906911631 0.174234886354325 0.179202209377317
"7" NA 0.145345630067995 0.160735132636766 0.18104912071204 0.196776630710028 0.188478317769671
"8" NA -0.182910498028436 -0.187997796159434 -0.221891856678722 -0.229422774442502 -0.231383706197354
"9" NA -0.204128859296497 -0.176945881566414 -0.19075684047781 -0.195299309219069 -0.195417148928135
"10" NA -0.162109102271218 -0.239001146422463 -0.195349153252558 -0.192258206780103 -0.197493795645905
"11" NA -0.109211178360505 -0.178424500805041 -0.201796016461704 -0.182892637895619 -0.194812873325457
"1" NA 2.9477673603136 0.516519494838709 0.0417050645939763 0.0395640358861415 0.0398933201676572
"2" NA 0.204011323789186 0.180136415119511 0.202958350961274 0.204279153181863 0.198872863424441
"3" NA 0.190103494398432 0.175248581363755 0.208468859069644 0.213087610027782 0.21764407000495
"4" NA 0.11511191451962 0.201611844813293 0.19362381699465 0.192578045684617 0.192307916728456
"5" NA 0.197080472045083 0.217993549697884 0.249672594001901 0.24788741811788 0.246287074338939
"6" NA 0.0832757397215653 0.190647305592359 0.206346741581386 0.202072853831768 0.188831698168886
"7" NA 0.189698558572182 0.198297190389148 0.169927315091677 0.171460437917086 0.177854052222944
"8" NA -0.296516513009824 -0.235987755244988 -0.226020077018012 -0.222042612700448 -0.22977478709967
"9" NA -0.262902943566453 -0.205678978335491 -0.200947926650035 -0.198985930097489 -0.200790496445571
"10" NA -0.206254744541556 -0.210598795533554 -0.210134631737484 -0.208903029437276 -0.205434669605509
"11" NA -0.17481180122141 -0.187928251058724 -0.194241243864711 -0.195891015366244 -0.193503835414436
"1" NA 2.83068489614751 0.44065766660039 0.010554062572999 0.00769375447001873 0.00853215125438941
"2" NA 0.132811353218586 0.206107567222543 0.196478948787771 0.192031230806573 0.188651439017796
"3" NA 0.277617780131202 0.221650733624973 0.226539945253776 0.246588359569983 0.234140826913025
"4" NA 0.225989398931857 0.247318501452197 0.227736787855305 0.226311313705879 0.220009358079228
"5" NA 0.183136829667975 0.19379600106181 0.206295545920409 0.200029822216934 0.208398311617684
"6" NA 0.299611321887351 0.208818067194605 0.218673913190328 0.203516817483542 0.210720945352999
"7" NA 0.159943000929602 0.194597913277379 0.188149752886408 0.200272984853645 0.192255548012876
"8" NA -0.144214576634148 -0.197360696549356 -0.204865243501718 -0.19243099075308 -0.184089068665182
"9" NA -0.156414019803778 -0.216996374799578 -0.213821088819281 -0.212853657628989 -0.223915208838556
"10" NA -0.168279263896252 -0.155372764747688 -0.19885962900055 -0.193219085630653 -0.20530952512547
"11" NA -0.190816697260376 -0.19759290666897 -0.18229440437635 -0.175300358158506 -0.179124191087749
"1" NA 2.6975455448235 0.556356363019113 0.0125522346665656 0.0214138863095721 0.00992926189260193
"2" NA 0.062208160979419 0.166540277235223 0.206679427484978 0.202273519244857 0.204697581193871
"3" NA 0.295710666046235 0.199968037483635 0.181115547128259 0.169551001945638 0.168155227866751
"4" NA 0.250265256607258 0.222945035073719 0.237914953329144 0.232029881835184 0.235682321833441
"5" NA 0.270099373383786 0.183939340992306 0.197915869235351 0.212896754765314 0.203647202878433
"6" NA 0.207018271229706 0.221703403753669 0.180894552385634 0.176034159505719 0.17100035995066
"7" NA 0.101284494601204 0.199799072109541 0.212000737759361 0.216047208745201 0.202562311459432
"8" NA -0.277379213653952 -0.191819525820888 -0.201647961439519 -0.213824552480795 -0.205507445170713
"9" NA -0.208991523651243 -0.184086084649782 -0.163056090309336 -0.17241693417141 -0.164271510753677
"10" NA -0.170162282161151 -0.168043282697783 -0.179222650767067 -0.184238463652958 -0.176456490406581
"11" NA -0.252701534050648 -0.170505193680069 -0.202050069220922 -0.216935040596893 -0.204185496035171
"1" NA 2.66500982482919 0.571893144337476 0.0789282432109308 0.0775079739674686 0.0788475643267285
"2" NA 0.190661984556209 0.190955527132345 0.194528738255824 0.199020991461912 0.20967785147009
"3" NA 0.164768412814424 0.216235384853651 0.199313612770325 0.190108133843525 0.178130906453957
"4" NA 0.31141486840123 0.231181829786709 0.200847635548631 0.198911815095098 0.187743608766192
"5" NA 0.25214438831261 0.163905064262878 0.20485084976237 0.201902238557384 0.206618731548854
"6" NA 0.135234136223753 0.169894528115664 0.172568951845823 0.166734927272154 0.164452889624719
"7" NA 0.216528417143112 0.223675678473107 0.209131045126737 0.213035850819841 0.208782842349167
"8" NA -0.300464310883668 -0.218362205176722 -0.183990452620445 -0.18573036767208 -0.180860581096399
"9" NA -0.290159199886609 -0.225117141065001 -0.188661324372197 -0.19745427227242 -0.190333882392114
"10" NA -0.200369100178627 -0.247637940008672 -0.218887550066752 -0.217842133660936 -0.220713483720904
"11" NA -0.161466023387927 -0.211180458719334 -0.185289670888862 -0.175022993713311 -0.168982980568542
"1" NA 3.06391620715463 0.541585452549918 0.116488164506237 0.116490804919055 0.11439284409792
"2" NA 0.146870042928393 0.142936144938592 0.187018265711225 0.186387236497162 0.180246166750778
"3" NA 0.159014619684871 0.161500389978309 0.188661324306777 0.189089118820762 0.187405360272925
"4" NA 0.096557456350425 0.193767732681425 0.199604671438806 0.199908532913623 0.201784401826795
"5" NA 0.144060338804873 0.182941384933653 0.184667823528841 0.184403711336327 0.173687394608926
"6" NA 0.152560019118542 0.202398193998827 0.210262116312696 0.210978780523433 0.202260530410483
"7" NA 0.18558191033332 0.220555088538653 0.200967333662173 0.201067310198268 0.206101612973466
"8" NA -0.138540009020696 -0.178288184379169 -0.162747133119571 -0.162596680748219 -0.166148857604751
"9" NA -0.244252104609786 -0.215853992918166 -0.207074882514633 -0.206721490319207 -0.204526920690473
"10" NA -0.147238523413874 -0.167910044842296 -0.226675245163825 -0.226766486179897 -0.235732841272349
"11" NA -0.255377260296472 -0.203067047120413 -0.211524234097245 -0.211337292510585 -0.213081310362402
"1" NA 2.71124276220009 0.30798495481442 -0.0918990917653031 -0.0939436222997605 -0.0939802123141374
"2" NA 0.233296326032781 0.177732387779079 0.182463408045112 0.175119819876775 0.177316161478542
"3" NA 0.214962831292348 0.183959971488899 0.187478067939997 0.17728804651384 0.178478432796708
"4" NA 0.178314587546892 0.211632266614385 0.189075321667383 0.182562697931838 0.186807988424171
"5" NA 0.231109690268055 0.201040931130583 0.205808676396551 0.216918488680152 0.215422649615085
"6" NA 0.229484105460808 0.157750867393772 0.195343422548369 0.199362633339524 0.195520407054322
"7" NA 0.20963063166232 0.242018335442647 0.204594190817331 0.208426903265322 0.209570399630846
"8" NA -0.215669578076005 -0.20441216445367 -0.212612497680784 -0.199713420921154 -0.207193707706244
"9" NA -0.210250602704575 -0.173696002971642 -0.173670847113688 -0.172634555473743 -0.172111202507197
"10" NA -0.232479459939197 -0.195960580168864 -0.194647384363117 -0.204288206217029 -0.198822977824803
"11" NA -0.136786330971038 -0.206680347760685 -0.203285514898708 -0.192836543293348 -0.192660620975087
"1" NA 2.54027977841812 0.28932213000233 -0.131920593251563 -0.13341594978066 -0.131894428905513
"2" NA 0.274251096495385 0.198588677230779 0.204291917178746 0.207344757964545 0.196530058101285
"3" NA 0.245633473690717 0.243425354393269 0.216549684960279 0.212639705198467 0.206334076337442
"4" NA 0.229010153113606 0.226326156760465 0.201234719787246 0.202561647972447 0.199401447841829
"5" NA 0.257153426977043 0.183395839258955 0.201225879835985 0.20256651962193 0.214114556614136
"6" NA 0.0894995781426508 0.155466291831904 0.197472419435275 0.200908704917827 0.210849094010104
"7" NA 0.185685020623341 0.209291728061597 0.232528108789602 0.233728791064047 0.230860841246116
"8" NA -0.2666355837222 -0.238932771754175 -0.227357902185847 -0.22721815397715 -0.229717137732264
"9" NA -0.242252597273343 -0.192731977311017 -0.233537872859032 -0.237476922563723 -0.227959463131128
"10" NA -0.247127527609563 -0.24598320717973 -0.215497948621185 -0.217012309310491 -0.211061157460323
"11" NA -0.244060870235821 -0.193312511208206 -0.201685977236776 -0.202883264631422 -0.190949532636967
"1" NA 2.87485791289289 0.383059187347889 -0.0103035616883078 -0.0103405246139266 -0.0100734713403839
"2" NA 0.141112283776159 0.165031407860749 0.193625463434817 0.188896789832545 0.19538383161904
"3" NA 0.187953562731453 0.224185124757694 0.222247909689029 0.214401930912932 0.222832053144385
"4" NA 0.267132992443894 0.198184925089923 0.198780217245747 0.194009632244035 0.194537007995127
"5" NA 0.187522805745275 0.190257220092895 0.204089998384904 0.20432352612503 0.20686984341484
"6" NA 0.158245187773757 0.177801188731346 0.210414579802185 0.201257282435249 0.203391284762013
"7" NA 0.245916885708693 0.200834775275024 0.20226283583278 0.205476979147607 0.206203568207513
"8" NA -0.233521690239596 -0.231169037764216 -0.207957002111757 -0.208475218051674 -0.208369001020874
"9" NA -0.210322695292763 -0.161776143544831 -0.201048582240005 -0.194986160701736 -0.20692163512103
"10" NA -0.200382565928968 -0.21944434289586 -0.21344836121332 -0.218154403274095 -0.213242686884617
"11" NA -0.211135860922821 -0.181257681142827 -0.19660055210598 -0.195275144870629 -0.189575115401346
"1" NA 2.82717573133437 0.468875706892952 0.0605433404978658 0.0600305841030079 0.0581575226923499
"2" NA 0.208881701179055 0.209715157843035 0.200123412159727 0.189786919230423 0.220424700892644
"3" NA 0.153169030500812 0.198863533976462 0.207162034107643 0.221198122087032 0.212718643051258
"4" NA 0.266251215762434 0.174148159569368 0.208337572053153 0.202084014339469 0.200282703038722
"5" NA 0.264268315841431 0.212459490376844 0.202083815403582 0.203029980882895 0.190615604287422
"6" NA 0.147087016297018 0.176950321734742 0.188395855437239 0.179326884410368 0.185449822330136
"7" NA 0.141537983386015 0.190844023205217 0.192009272012862 0.18654102433383 0.175378384131806
"8" NA -0.15852584004347 -0.201166919035675 -0.199974695772898 -0.199756104459449 -0.21179895247084
"9" NA -0.285030619224784 -0.212642726162811 -0.1952914537429 -0.199464068430516 -0.181767551167224
"10" NA -0.287897264395698 -0.203032324082466 -0.203200628381481 -0.205096685089066 -0.211942105351487
"11" NA -0.139468033115289 -0.207281536115463 -0.18859001403538 -0.182817524864609 -0.185192405560953
"1" NA 2.67393917960699 0.580948545534184 0.229745046555036 0.230958802834775 0.2304137965596
"2" NA 0.236846253477627 0.217454524753304 0.204972743900278 0.197694139939517 0.194802441608379
"3" NA 0.153598517776586 0.182458528888243 0.197236952090367 0.184837495850489 0.195128450402939
"4" NA 0.212225982733935 0.183259227321917 0.193574369366344 0.204988522293206 0.190465520582043
"5" NA 0.273519029134592 0.187351547801827 0.192965425005679 0.173960320812721 0.176392724117273
"6" NA 0.198560446468483 0.234754643598224 0.207304240003897 0.180211946253083 0.19640622835175
"7" NA 0.271292651844933 0.201742582986529 0.204434824618573 0.207470624483514 0.204144937837567
"8" NA -0.20172571764588 -0.207104126093419 -0.194330902322901 -0.18794925403926 -0.205350547863567
"9" NA -0.252594985301434 -0.187853621489203 -0.195022653162752 -0.196244209518234 -0.183319287181902
"10" NA -0.167122869615922 -0.169686186982038 -0.200181770056519 -0.189049528609417 -0.179075555329751
"11" NA -0.210168921583992 -0.21972293439101 -0.182112480974329 -0.174698688876618 -0.18475383428581
"1" NA 3.00599508564976 0.473036268724668 0.0968639691241693 0.0947691815024974 0.0938183893804717
"2" NA 0.199571490219818 0.199199266740914 0.202952489670092 0.192713899569451 0.19499257957091
"3" NA 0.120631775234089 0.205368510716079 0.221594631787698 0.208492351678466 0.215893383345773
"4" NA 0.29897728600632 0.226853319563657 0.215379537826085 0.217064815528664 0.210826978906009
"5" NA 0.230570550122865 0.158108531652083 0.198329426344678 0.201340878095997 0.201004166078942
"6" NA 0.133658010393277 0.223245873587756 0.188820576333428 0.192090256211969 0.188759956827919
"7" NA 0.23273544222539 0.220039013282129 0.213258653565973 0.211476441599112 0.204173966288915
"8" NA -0.144918082033988 -0.232794829499667 -0.204363400865983 -0.20838412220375 -0.20550432285749
"9" NA -0.226504684301266 -0.208599418305393 -0.200340514113309 -0.208341133032785 -0.197164598078748
"10" NA -0.194537679989849 -0.182189238352359 -0.173626561135596 -0.177974538066484 -0.178113902957888
"11" NA -0.0666125671423111 -0.121638614806857 -0.180858255135731 -0.181195974458333 -0.177531402571842
"1" NA 2.98256865345641 0.435613740067961 0.0159594408589121 0.0152671247510213 0.0161766811147732
"2" NA 0.206571747278625 0.218838341996317 0.208108693311086 0.207735712809639 0.20316028214139
"3" NA 0.303559099571632 0.188142758970325 0.181564018595266 0.171360598421533 0.184310221474957
"4" NA 0.135399864282485 0.136665218361539 0.1971521418096 0.1996404924487 0.20260918958218
"5" NA 0.158916842288873 0.251655354579784 0.211803483977769 0.212741382799738 0.224325435966254
"6" NA 0.127163433416926 0.143869004123428 0.168716781447401 0.170791323894349 0.18610439777902
"7" NA 0.144906684917523 0.196887211272594 0.208499983291027 0.201845358342084 0.20150660922414
"8" NA -0.232120227108717 -0.153865609009348 -0.19033626629599 -0.185660457414244 -0.19364869830765
"9" NA -0.219744354317261 -0.257567085134189 -0.197222736725274 -0.198443142041015 -0.192748400084347
"10" NA -0.215228184709823 -0.190095933159879 -0.181721617827825 -0.177329895021633 -0.188180416457277
"11" NA -0.152652308440547 -0.169885755879647 -0.204750427470912 -0.201441932361821 -0.201977496260767
"1" NA 2.78073833958427 0.407160420967976 0.072884721899904 0.0717776038062974 0.0692539867931453
"2" NA 0.234037875987456 0.217788074315381 0.209945703013138 0.207279791289369 0.216720153404331
"3" NA 0.220671675425743 0.185520545418779 0.187059880494095 0.188732338694024 0.180345668740165
"4" NA 0.255589666240889 0.249958471218531 0.19637369061543 0.186735938779148 0.197531260943922
"5" NA 0.177867254921331 0.177827076981689 0.213596393747637 0.214025308618585 0.20813395683646
"6" NA 0.195861557427015 0.20104647952004 0.194196974442652 0.191253791892073 0.193088670036568
"7" NA 0.125553757138382 0.168683357546366 0.183855677761213 0.187386473534169 0.194966246170834
"8" NA -0.167143315451086 -0.220321963955313 -0.21596663504902 -0.211262897700795 -0.200505334646324
"9" NA -0.304879559010524 -0.195552607519078 -0.210418612804348 -0.215018457553421 -0.213909896460127
"10" NA -0.186223936589886 -0.208044388370265 -0.197302865203054 -0.197502459979644 -0.199308797345314
"11" NA -0.259389011124506 -0.202626353575027 -0.206666212678084 -0.213657646031256 -0.215074313234817
"1" NA 2.41844885635118 0.50319007979226 -0.0338300904608804 -0.0365686533504853 -0.0378502657439861
"2" NA 0.259674209362668 0.219070939841497 0.205093008625887 0.211238323263537 0.213275753424435
"3" NA 0.136146347239446 0.153526838489902 0.184730440160045 0.177316784085967 0.196651939980108
"4" NA 0.242621399985987 0.205919856208339 0.203945309418707 0.203736271799165 0.211542175925449
"5" NA 0.166355327815705 0.139931005107924 0.187977709575721 0.1883543340618 0.177787387154836
"6" NA 0.219136364387666 0.201286685166093 0.200808736470751 0.196490527938185 0.212205582305258
"7" NA 0.126844778143975 0.153278563946976 0.194919472942224 0.194760223454237 0.199795684743544
"8" NA -0.270288023933976 -0.216239243122073 -0.20669947295698 -0.210369650032854 -0.206214406519811
"9" NA -0.239315127080318 -0.20411116747383 -0.207059669233464 -0.212832363959613 -0.210094441226599
"10" NA -0.207517882934282 -0.201376143293297 -0.20723174358213 -0.20587368149697 -0.207100913134061
"11" NA -0.108587198968435 -0.213198344644852 -0.20102423410515 -0.188994372684386 -0.180881287395326
"1" NA 2.4696452445344 0.478457687292213 0.00502086710042 0.00191140347065818 0.000260403909054341
"2" NA 0.215066790570901 0.183211212757801 0.201057880852117 0.210491615877102 0.211712869049225
"3" NA -0.197453576482648 -0.181866009317621 -0.19405755782056 -0.195210980975143 -0.200034772824258
"4" NA -0.244339537055361 -0.146526562146105 -0.16298136839735 -0.161672821720759 -0.172524832822512
"5" NA -0.266814992753868 -0.203353414248941 -0.200793591748771 -0.192740173276001 -0.203069220939077
"6" NA -0.101260580235188 -0.181712312317702 -0.193152392602879 -0.191883920745846 -0.194358698623843
"7" NA -0.140069507752135 -0.206301722621808 -0.206235856791721 -0.201171978589851 -0.208196306272419
"8" NA 0.25615228060165 0.229618650036523 0.212647438720533 0.213726046537793 0.219671770696711
"9" NA 0.300853033650705 0.234839279365852 0.21390663438617 0.209726635218561 0.198802914418578
"10" NA 0.152907505733847 0.165122600776945 0.181973278424857 0.186454732709294 0.194722912418942
"11" NA 0.276013845543366 0.218099585259723 0.200606267203956 0.204314669238079 0.200262899294345
"1" NA 3.06276277945407 0.601961450551834 0.152722849188284 0.154752472479193 0.152022626473828
"2" NA 0.183647708602986 0.127086165714692 0.187170372688225 0.183283804958029 0.191880441696034
"3" NA 0.233037445648478 0.185432178033711 0.226653830691301 0.23025498015584 0.214515682251633
"4" NA 0.267412912369578 0.203554280523401 0.20443791041309 0.218954150996142 0.213967337516592
"5" NA 0.160179894539735 0.206773227256859 0.194617779294484 0.201675662393065 0.204905814727911
"6" NA 0.187303030287095 0.237063361756402 0.220961260975092 0.220341348941529 0.229493655377499
"7" NA 0.275088459047128 0.195999367402556 0.197181885441591 0.214692197769791 0.204247759560262
"8" NA -0.0734366818191447 -0.185378334674931 -0.180555123992156 -0.184614500382948 -0.176802683665337
"9" NA -0.114133545610596 -0.175121323847828 -0.188794279626337 -0.172593349369797 -0.188753600763661
"10" NA -0.210510015184733 -0.184172210122853 -0.19215747017529 -0.202063311887405 -0.191504018456245
"11" NA -0.215460917814929 -0.250962601534676 -0.19514296835429 -0.190309253433553 -0.179821654952383
"1" NA 2.2689839818336 0.678989484045391 0.103466235907337 0.111223537673775 0.10686478814388
"2" NA 0.21407241616563 0.259193497237926 0.205745754461041 0.188703153266297 0.212020497258832
"3" NA -0.150645027579512 -0.169929144735294 -0.204186135943824 -0.207406689618317 -0.19820917723888
"4" NA -0.228361349816618 -0.195653198723385 -0.196747337492345 -0.210544105892823 -0.199645933257859
"5" NA -0.163465219456665 -0.244000718721103 -0.203613699801864 -0.192602508375457 -0.202284275566769
"6" NA -0.234420717844789 -0.17572312076583 -0.205618903434903 -0.195979820874024 -0.195132107018523
"7" NA -0.184982274696892 -0.184034687919157 -0.209721314076386 -0.202011012141457 -0.195743296860406
"8" NA 0.181960310360146 0.212869699636064 0.206903754421708 0.213790118880265 0.208029744304045
"9" NA 0.257186766416252 0.207403637756735 0.216353196122806 0.214143757876812 0.2197656894823
"10" NA 0.108771580683161 0.127019848954019 0.177296615231378 0.184649169307215 0.169635608950009
"11" NA 0.132183864518647 0.185138582444153 0.206648995861255 0.205823956312004 0.215249037269087
"1" NA 2.91488342036065 0.541844674292674 0.0813344054661629 0.0821039142193664 0.0810945185125762
"2" NA 0.205338340614195 0.205387970232288 0.179761625259221 0.175722052482398 0.174915891730446
"3" NA 0.225010429733572 0.222332728406537 0.205879460271939 0.204437413952712 0.203555702128763
"4" NA 0.218942305249352 0.207836447262543 0.193824762852315 0.19966807511641 0.202660274929548
"5" NA 0.176880609231522 0.174866678103881 0.196385235176711 0.196928938136826 0.215479210844481
"6" NA 0.223020864934233 0.200370966762159 0.203450844459651 0.209579418381663 0.200852616480015
"7" NA 0.0915324496003146 0.216737435307436 0.200960609441282 0.204564399052301 0.192077563652286
"8" NA -0.32443039177439 -0.221731616566682 -0.196018498176235 -0.189663790544544 -0.184204268739035
"9" NA -0.304009173674025 -0.234875524795726 -0.205204362716138 -0.204346677961333 -0.197752389509907
"10" NA -0.186175353489323 -0.176578489326496 -0.174980867521867 -0.177356153866118 -0.179695570570918
"11" NA -0.266034827494651 -0.217595350256514 -0.208581056067831 -0.204387019019747 -0.198560274377815
"1" NA 2.51696270431432 0.417798612334139 -0.11231695944408 -0.112909537121301 -0.113970675764482
"2" NA 0.212411427984071 0.236988950754918 0.219792126370664 0.218654616115264 0.219567796633981
"3" NA 0.0917222184727191 0.19483938687328 0.207659687719093 0.206059815287711 0.204817001231618
"4" NA 0.257904849423313 0.225914548629246 0.215959073906876 0.21503560405017 0.211021096850317
"5" NA 0.237819366525507 0.217967923050984 0.219193875193293 0.221345155678504 0.219213730861927
"6" NA 0.199534084088458 0.206934232480585 0.195954944701865 0.194255164058454 0.187996469513967
"7" NA 0.233678239936051 0.236252516716168 0.20735917397896 0.205599937829631 0.199919545215199
"8" NA -0.177582738003849 -0.167680458845465 -0.175712522149318 -0.174465903114542 -0.171545156463572
"9" NA -0.15168959714995 -0.20911619429562 -0.199219135073189 -0.197521615954876 -0.197792007772448
"10" NA -0.293603959781171 -0.214163595738675 -0.193646638862872 -0.192458292611526 -0.192076312862542
"11" NA -0.154233128881044 -0.199315072255927 -0.202000339253172 -0.20066456612312 -0.205649410591263
"1" NA 2.73106849241764 0.384730231783511 -0.0898761601705785 -0.0904483558451659 -0.0930161413402745
"2" NA 0.221829735011179 0.196660578680996 0.161999109149568 0.167403598041165 0.159204551849186
"3" NA 0.231066294507861 0.221279131973012 0.220607403985925 0.225251897419934 0.216045415690456
"4" NA 0.20912572279254 0.194031068376511 0.218677727306642 0.23243323159598 0.21791490998138
"5" NA 0.151675132604864 0.176691488095132 0.182518896013659 0.177055398930194 0.171474958846652
"6" NA 0.10523746489278 0.15063288374954 0.174655906911631 0.182706288462558 0.17764071760908
"7" NA 0.145345630067995 0.160735132636765 0.181049120712042 0.203476031277438 0.188989115049942
"8" NA -0.182910498028436 -0.18799779615943 -0.221891856678726 -0.224075273545511 -0.22277523342788
"9" NA -0.204128859296497 -0.176945881566416 -0.190756840477808 -0.194644483109751 -0.195080134979733
"10" NA -0.162109102271218 -0.239001146422464 -0.195349153252555 -0.199196680764233 -0.188226943608676
"11" NA -0.109211178360505 -0.178424500805045 -0.201796016461703 -0.18555418435361 -0.19396273599742
"1" NA 2.9477673603136 0.516519494838709 0.0417050645939763 0.039570076143479 0.0356227891558435
"2" NA 0.204011323789186 0.180136415119511 0.202958350961274 0.204274823139954 0.206645914134977
"3" NA 0.190103494398432 0.175248581363755 0.208468859069644 0.213090512638056 0.208428668810698
"4" NA 0.11511191451962 0.201611844813293 0.19362381699465 0.192319244435194 0.193690974348224
"5" NA 0.197080472045083 0.217993549697884 0.249672594001901 0.248021185114201 0.254532315779306
"6" NA 0.0832757397215653 0.190647305592359 0.206346741581386 0.201953489233213 0.191275563484732
"7" NA 0.189698558572182 0.198297190389148 0.169927315091677 0.17123546250282 0.176430906347684
"8" NA -0.296516513009824 -0.235987755244988 -0.226020077018012 -0.221918172552306 -0.228558147859092
"9" NA -0.262902943566453 -0.205678978335491 -0.200947926650035 -0.199133426487023 -0.193806226774781
"10" NA -0.206254744541556 -0.210598795533554 -0.210134631737484 -0.208545963322841 -0.195775758189776
"11" NA -0.17481180122141 -0.187928251058724 -0.194241243864711 -0.195884614604224 -0.198761207066773
"1" NA 2.83068489614751 0.44065766660039 0.0105540625729942 0.010564703633184 0.00854424538812949
"2" NA 0.132811353218586 0.206107567222543 0.196478948787764 0.196499260649718 0.195240013789926
"3" NA 0.277617780131202 0.221650733624973 0.226539945253784 0.226457806721681 0.228060745809209
"4" NA 0.225989398931857 0.247318501452197 0.227736787855295 0.227455809449503 0.228286151994764
"5" NA 0.183136829667975 0.19379600106181 0.206295545920408 0.206320410302645 0.204758865852038
"6" NA 0.299611321887351 0.208818067194605 0.218673913190331 0.218453263304935 0.215187238130204
"7" NA 0.159943000929602 0.194597913277379 0.188149752886411 0.188279982153799 0.197603363110672
"8" NA -0.144214576634148 -0.197360696549356 -0.204865243501717 -0.204771369043589 -0.189372929751805
"9" NA -0.156414019803778 -0.216996374799578 -0.213821088819282 -0.213816929250163 -0.209668423337432
"10" NA -0.168279263896252 -0.155372764747688 -0.198859629000547 -0.198720329438235 -0.190508807540356
"11" NA -0.190816697260376 -0.19759290666897 -0.182294404376356 -0.182431512330818 -0.181781030050441
"1" NA 2.6975455448235 0.55635636301892 0.012552234666576 0.0125533362039198 0.0219778606111865
"2" NA 0.062208160979419 0.166540277235199 0.206679427484974 0.206688794904294 0.20423088894018
"3" NA 0.295710666046235 0.199968037483622 0.181115547128254 0.181145760360253 0.17991005347015
"4" NA 0.250265256607258 0.222945035073725 0.237914953329152 0.23792170422992 0.23480033443597
"5" NA 0.270099373383786 0.183939340992303 0.197915869235357 0.197915682929987 0.211632869703931
"6" NA 0.207018271229706 0.221703403753662 0.180894552385642 0.180900694007864 0.176531428021999
"7" NA 0.101284494601204 0.199799072109536 0.212000737759368 0.21198644767232 0.222247880959432
"8" NA -0.277379213653952 -0.191819525820896 -0.201647961439522 -0.20165424762413 -0.208779938655806
"9" NA -0.208991523651243 -0.184086084649788 -0.163056090309336 -0.163061935041567 -0.175326500470148
"10" NA -0.170162282161151 -0.168043282697788 -0.179222650767067 -0.179220449898029 -0.184643346145095
"11" NA -0.252701534050648 -0.170505193680074 -0.202050069220921 -0.202040181608259 -0.205785652892465
"1" NA 2.66500982482919 0.571893144337476 0.0789282432109357 0.0774826758420117 0.0761779604500166
"2" NA 0.190661984556209 0.190955527132345 0.194528738255825 0.198309239404928 0.195343616333395
"3" NA 0.164768412814424 0.216235384853651 0.19931361277034 0.187529158363956 0.192826143867607
"4" NA 0.31141486840123 0.231181829786709 0.200847635548633 0.199908421997233 0.186963741224322
"5" NA 0.25214438831261 0.163905064262878 0.204850849762353 0.204111682755601 0.20845903857764
"6" NA 0.135234136223753 0.169894528115664 0.172568951845823 0.165991633324589 0.174728829158778
"7" NA 0.216528417143112 0.223675678473107 0.20913104512674 0.215434626942704 0.208137962398423
"8" NA -0.300464310883668 -0.218362205176722 -0.183990452620445 -0.184159319388022 -0.185573417737489
"9" NA -0.290159199886609 -0.225117141065001 -0.1886613243722 -0.197519689102291 -0.196608355085783
"10" NA -0.200369100178627 -0.247637940008672 -0.218887550066752 -0.218083751781387 -0.212947059706798
"11" NA -0.161466023387927 -0.211180458719334 -0.185289670888861 -0.176067655710986 -0.174470941254285
"1" NA 3.06391620715463 0.541585452549918 0.116488164506236 0.11706302295208 0.115372380931143
"2" NA 0.146870042928393 0.142936144938592 0.187018265711228 0.186897069053497 0.189228785779238
"3" NA 0.159014619684871 0.161500389978309 0.188661324306778 0.185523910599092 0.184847244126017
"4" NA 0.096557456350425 0.193767732681425 0.199604671438813 0.195443292740847 0.195550503956455
"5" NA 0.144060338804873 0.182941384933653 0.184667823528832 0.182076043909427 0.161205862073927
"6" NA 0.152560019118542 0.202398193998827 0.210262116312695 0.214071025926221 0.200068449011248
"7" NA 0.18558191033332 0.220555088538653 0.200967333662176 0.199056957217758 0.202668834495028
"8" NA -0.138540009020696 -0.178288184379169 -0.162747133119569 -0.164147342087223 -0.17311731076856
"9" NA -0.244252104609786 -0.215853992918166 -0.207074882514636 -0.204603121924722 -0.209293715948906
"10" NA -0.147238523413874 -0.167910044842296 -0.226675245163821 -0.222905679710802 -0.228125793162224
"11" NA -0.255377260296472 -0.203067047120413 -0.211524234097244 -0.212057932289651 -0.215004669385365
"1" NA 2.71124276220009 0.30798495481442 -0.0918990917652886 -0.094684735754743 -0.0944959438436035
"2" NA 0.233296326032781 0.177732387779079 0.182463408045104 0.179900105755645 0.175339208331773
"3" NA 0.214962831292348 0.183959971488899 0.187478067940017 0.175614246489489 0.190258924761293
"4" NA 0.178314587546892 0.211632266614385 0.18907532166738 0.18617179306093 0.192733347557546
"5" NA 0.231109690268055 0.201040931130583 0.205808676396545 0.215531084909706 0.216896951943502
"6" NA 0.229484105460808 0.157750867393772 0.195343422548364 0.204731742939511 0.196811504029664
"7" NA 0.20963063166232 0.242018335442647 0.20459419081733 0.202611194808359 0.214174732057726
"8" NA -0.215669578076005 -0.20441216445367 -0.212612497680789 -0.202220835334977 -0.20650056678463
"9" NA -0.210250602704575 -0.173696002971642 -0.173670847113688 -0.165346144858328 -0.176775136970201
"10" NA -0.232479459939197 -0.195960580168864 -0.194647384363115 -0.197287093252172 -0.20369123382713
"11" NA -0.136786330971038 -0.206680347760685 -0.203285514898709 -0.194155043734428 -0.199913412933167
"1" NA 2.54027977841812 0.289322130002314 -0.131920593251553 -0.133390797777236 -0.132887190419439
"2" NA 0.274251096495385 0.198588677230778 0.204291917178728 0.20638725366614 0.218567248233016
"3" NA 0.245633473690717 0.243425354393265 0.216549684960259 0.211616346012004 0.202320707830617
"4" NA 0.229010153113606 0.226326156760462 0.201234719787254 0.20221786450921 0.196151604586756
"5" NA 0.257153426977043 0.183395839258957 0.201225879835984 0.203133291548918 0.202376659908835
"6" NA 0.0894995781426508 0.155466291831914 0.19747241943527 0.200248919753643 0.197880213065902
"7" NA 0.185685020623341 0.209291728061592 0.232528108789599 0.234222254983922 0.232129184692119
"8" NA -0.2666355837222 -0.238932771754176 -0.227357902185844 -0.228604843948386 -0.223918276862537
"9" NA -0.242252597273343 -0.192731977311012 -0.233537872859029 -0.237953769455758 -0.230908702344875
"10" NA -0.247127527609563 -0.245983207179725 -0.215497948621183 -0.217636022896794 -0.211408741500472
"11" NA -0.244060870235821 -0.1933125112082 -0.201685977236775 -0.203485400259415 -0.193462968470591
"1" NA 2.87485791289289 0.38305918734786 -0.0103035616883036 -0.0103695587611743 -0.0102018655395872
"2" NA 0.141112283776159 0.165031407860769 0.193625463434828 0.185288636590525 0.189183514770397
"3" NA 0.187953562731453 0.224185124757674 0.222247909689016 0.214510051015457 0.224842794072472
"4" NA 0.267132992443894 0.198184925089927 0.19878021724575 0.192621183611135 0.195232638779104
"5" NA 0.187522805745275 0.190257220092897 0.204089998384904 0.203945837099575 0.202632743054488
"6" NA 0.158245187773757 0.177801188731349 0.210414579802184 0.201155482245467 0.203314538024312
"7" NA 0.245916885708693 0.200834775275034 0.202262835832773 0.209508708702577 0.207310102414346
"8" NA -0.233521690239596 -0.231169037764207 -0.207957002111754 -0.207876922302793 -0.21146185586156
"9" NA -0.210322695292763 -0.161776143544825 -0.201048582240006 -0.202881025522832 -0.204931891665694
"10" NA -0.200382565928968 -0.21944434289585 -0.213448361213321 -0.219020259298142 -0.214754849320361
"11" NA -0.211135860922821 -0.181257681142823 -0.196600552105981 -0.191446813028684 -0.194763697835156
"1" NA 2.82717573133437 0.468875706892961 0.0605433404978637 0.0598675260386222 0.0590433857319639
"2" NA 0.208881701179055 0.209715157843017 0.200123412159733 0.20689598806399 0.206104725344436
"3" NA 0.153169030500812 0.198863533976476 0.207162034107654 0.217907837578612 0.214902215113674
"4" NA 0.266251215762434 0.174148159569375 0.208337572053153 0.190570907395073 0.192951204970885
"5" NA 0.264268315841431 0.212459490376842 0.202083815403584 0.192926033875407 0.196006218284939
"6" NA 0.147087016297018 0.176950321734745 0.188395855437243 0.18758619963816 0.18169547711743
"7" NA 0.141537983386015 0.190844023205217 0.192009272012866 0.167215107209516 0.175514106127967
"8" NA -0.15852584004347 -0.201166919035669 -0.199974695772898 -0.20639254459791 -0.21362539572199
"9" NA -0.285030619224784 -0.212642726162803 -0.195291453742903 -0.199812023177504 -0.197598836107972
"10" NA -0.287897264395698 -0.203032324082469 -0.203200628381475 -0.201342824558821 -0.209185026651786
"11" NA -0.139468033115289 -0.207281536115462 -0.188590014035375 -0.165629810297495 -0.173069561682357
"1" NA 2.7325998693566 0.657580670846655 0.158171487429837 0.156486135451736 0.162754203895172
"2" NA 0.168351904381887 0.237551799377304 0.193381026754832 0.194078277954104 0.208366468608507
"3" NA 0.246666618758624 0.191579635085967 0.217644643857054 0.214662046028721 0.215401635204704
"4" NA 0.142882758831366 0.164850213452832 0.190849723983036 0.191920695702183 0.203747825496876
"5" NA 0.166122688208665 0.184468214824002 0.192899621940438 0.19617611173347 0.191797475839596
"6" NA 0.162852395968065 0.204719183089232 0.220161663367067 0.21709318397383 0.213810440957965
"7" NA 0.239167270488147 0.224617609718438 0.203139293497856 0.202066964544676 0.214864991622877
"8" NA -0.198745345354798 -0.169337734893857 -0.178554719672749 -0.178718517655364 -0.181719586567296
"9" NA -0.206368564666402 -0.220863434695005 -0.196794971470724 -0.199405751979523 -0.208082708684118
"10" NA -0.163952777597391 -0.147250832971062 -0.171671024974339 -0.175403200722939 -0.177828753488545
"11" NA -0.154685487220736 -0.184279250573496 -0.189836345916362 -0.189866646121923 -0.19958383878119
"1" NA 2.4696452445344 0.478457687292213 0.00502086710042 0.00142630697938661 0.000438858235937373
"2" NA 0.215066790570901 0.183211212757801 0.201057880852117 0.208325597790003 0.198849568348725
"3" NA -0.197453576482648 -0.181866009317621 -0.19405755782056 -0.193369433541519 -0.188320362872973
"4" NA -0.244339537055361 -0.146526562146105 -0.16298136839735 -0.161411595114779 -0.167903181312744
"5" NA -0.266814992753868 -0.203353414248941 -0.200793591748771 -0.190253032780984 -0.1867767414878
"6" NA -0.101260580235188 -0.181712312317702 -0.193152392602879 -0.192061527567307 -0.186521372070513
"7" NA -0.140069507752135 -0.206301722621808 -0.206235856791721 -0.202454900515831 -0.190864831830667
"8" NA 0.25615228060165 0.229618650036523 0.212647438720533 0.215427579484231 0.218015811861708
"9" NA 0.300853033650705 0.234839279365852 0.21390663438617 0.212970099831477 0.208858020693398
"10" NA 0.152907505733847 0.165122600776945 0.181973278424857 0.187053488070902 0.189635277452078
"11" NA 0.276013845543366 0.218099585259723 0.200606267203956 0.208303491941509 0.201882988081859
"1" NA 2.83068489614751 0.44065766660039 0.010554062572989 0.00763847953151194 0.00730326938427422
"2" NA 0.132811353218586 0.206107567222543 0.19647894878777 0.188815347614536 0.194655372432553
"3" NA 0.277617780131202 0.221650733624973 0.226539945253785 0.240582024755918 0.22591596359621
"4" NA 0.225989398931857 0.247318501452197 0.227736787855305 0.230535092321287 0.227527032534961
"5" NA 0.183136829667975 0.19379600106181 0.206295545920404 0.199913315560601 0.202887012575941
"6" NA 0.299611321887351 0.208818067194605 0.218673913190335 0.201981596958236 0.215413132603503
"7" NA 0.159943000929602 0.194597913277379 0.188149752886409 0.19339908994545 0.197305212208896
"8" NA -0.144214576634148 -0.197360696549356 -0.204865243501719 -0.196711520430276 -0.205249269468748
"9" NA -0.156414019803778 -0.216996374799578 -0.21382108881928 -0.213332538579639 -0.218598903856242
"10" NA -0.168279263896252 -0.155372764747688 -0.19885962900055 -0.190472312298175 -0.194527060602503
"11" NA -0.190816697260376 -0.19759290666897 -0.18229440437635 -0.172384948278696 -0.181213385988383
"1" NA 2.69194953873405 0.671885712785269 0.198210617566713 0.192029336508924 0.192112998384431
"2" NA 0.151296313512429 0.179637601326792 0.19084197918691 0.191102888136725 0.195431271156225
"3" NA 0.118882289051548 0.146507570711784 0.18786031116002 0.184926209851052 0.191716415273877
"4" NA 0.119982150226813 0.166658541799126 0.205148819513023 0.202581993625925 0.196628997960422
"5" NA 0.230179028456317 0.223554087444796 0.204706865105357 0.208170611870416 0.203507898664814
"6" NA 0.294888069306083 0.209863201300805 0.206259219340812 0.202524435390485 0.204823074632146
"7" NA 0.246836054485941 0.146971588884333 0.195873554373955 0.197267467128243 0.207438531709251
"8" NA -0.19237097394946 -0.189390292627116 -0.197045251524214 -0.192334443563767 -0.200722143291863
"9" NA -0.224607937271 -0.184671043932315 -0.205203968666673 -0.204299815374411 -0.20608056987894
"10" NA -0.14130343433801 -0.196585053673752 -0.190953828038572 -0.189936814447724 -0.192464783147702
"11" NA -0.138616564719725 -0.164335517102588 -0.187470624981791 -0.184507131271075 -0.190502509432088
"1" NA 2.62584498368822 0.585777789732887 0.142680253334058 0.146283642991217 0.149822413707593
"2" NA 0.162931148574729 0.188107549015792 0.202734107860169 0.200245994344692 0.203202367021448
"3" NA 0.233788690525943 0.253202773691166 0.192445395491586 0.187539893146527 0.192192184662746
"4" NA 0.0593125424762309 0.161379280165478 0.190635679273178 0.189351106761584 0.186710611939232
"5" NA 0.192345539324207 0.212147654522284 0.210686048421586 0.213990298947848 0.213517314419737
"6" NA 0.306299367518313 0.209216976443032 0.203641531092552 0.210450114965842 0.207363312546005
"7" NA 0.206068054757218 0.217138205673462 0.219839870758347 0.221670945297721 0.213897601725278
"8" NA -0.249909524519979 -0.219795089321245 -0.217659706558258 -0.215894158878171 -0.215319429859805
"9" NA -0.179074192523861 -0.149024811385415 -0.198401312822061 -0.193402090759597 -0.194551503082946
"10" NA -0.066032519692103 -0.154361990157643 -0.194264537880436 -0.199058103706657 -0.20500682354121
"11" NA -0.289747899784457 -0.229754692606195 -0.20389576821189 -0.210089913377087 -0.206756851470632
"1" NA 2.41844885635118 0.50319007979226 -0.0338300904608804 -0.0382139300391767 -0.0369211372825133
"2" NA 0.259674209362668 0.219070939841497 0.205093008625887 0.212183497542436 0.216116837438541
"3" NA 0.136146347239446 0.153526838489902 0.184730440160045 0.181025841550371 0.192107863432463
"4" NA 0.242621399985987 0.205919856208339 0.203945309418707 0.209995824624593 0.19747811024527
"5" NA 0.166355327815705 0.139931005107924 0.187977709575721 0.190782652442504 0.193908815518904
"6" NA 0.219136364387666 0.201286685166093 0.200808736470751 0.196223506832167 0.191459493633774
"7" NA 0.126844778143975 0.153278563946976 0.194919472942224 0.193228441820579 0.192496390731695
"8" NA -0.270288023933976 -0.216239243122073 -0.20669947295698 -0.215309153188327 -0.218121618859855
"9" NA -0.239315127080318 -0.20411116747383 -0.207059669233464 -0.212847240894527 -0.21714827489599
"10" NA -0.207517882934282 -0.201376143293297 -0.20723174358213 -0.204324451784886 -0.212619404773029
"11" NA -0.108587198968435 -0.213198344644852 -0.20102423410515 -0.184226401703025 -0.187247535485115
"1" NA 2.67179751333414 0.48271783457965 0.00214821326732917 0.00175975476365464 0.00145463217113243
"2" NA 0.191262158416316 0.221981597477658 0.234751648896577 0.23931206774515 0.241619833174466
"3" NA 0.246523513526002 0.228993876003707 0.194536493219891 0.192922535006432 0.192713659286815
"4" NA 0.158690803185068 0.183850436153111 0.190702727376198 0.191417545922296 0.189937982107105
"5" NA 0.215710358967783 0.210729768021138 0.189494642152501 0.195143531964257 0.195627456434691
"6" NA 0.251656605030245 0.155272369444021 0.188516800387917 0.182955741820765 0.173197359065604
"7" NA 0.141807230290371 0.209487636468594 0.194995745169029 0.193563890088838 0.190949017457445
"8" NA -0.103911019082245 -0.167754916529674 -0.179558325612475 -0.179345755912244 -0.173462924314949
"9" NA -0.0962884601452106 -0.180385565281857 -0.178646129238931 -0.182309802391883 -0.18225213934676
"10" NA -0.120205018462575 -0.170715787756783 -0.217663115425878 -0.215254126249013 -0.208039860279645
"11" NA -0.154685391380122 -0.179808989189098 -0.157875743820595 -0.157363869446897 -0.159233448423934
"1" NA 2.18936391895626 0.597604631837707 0.013483588896465 0.010815235466635 0.00902320462402024
"2" NA 0.191498986080072 0.250056572156345 0.188938134160403 0.19521728931803 0.201265621478499
"3" NA 0.129267425084815 0.205576382325934 0.198310123886646 0.196607862050314 0.195384747150197
"4" NA 0.224627693410812 0.242418741035742 0.206831275144373 0.212747616514654 0.217578786027378
"5" NA 0.241630679073579 0.233678702840696 0.201638011659274 0.20241153872255 0.202201032741909
"6" NA 0.116211566957058 0.183148734790941 0.186244323361744 0.193644985865923 0.189432683754929
"7" NA 0.16581149668836 0.155491970966697 0.195362180194148 0.188016786340876 0.186943855719571
"8" NA -0.118248461858565 -0.171588995840885 -0.209918805554556 -0.205492982408414 -0.202968641961044
"9" NA -0.203853952938462 -0.197503251148975 -0.17939491352762 -0.17725547765725 -0.175874459546604
"10" NA -0.143330309587534 -0.186307647728491 -0.204948866042311 -0.210838802230705 -0.207157270983884
"11" NA -0.251496985896608 -0.181938916188766 -0.196906610914504 -0.191224897922748 -0.194360134706904
"1" NA 2.78073833958427 0.407160420968097 0.0728847218999093 0.0712002288733583 0.0727560652796183
"2" NA 0.234037875987456 0.217788074315331 0.209945703013129 0.20779601848358 0.213872186373208
"3" NA 0.220671675425743 0.185520545418779 0.187059880494101 0.186969347795484 0.182144638999437
"4" NA 0.255589666240889 0.249958471218524 0.196373690615419 0.189169414420694 0.194559407985762
"5" NA 0.177867254921331 0.177827076981686 0.213596393747639 0.213640443257801 0.204192118045834
"6" NA 0.195861557427015 0.201046479520031 0.194196974442649 0.192143082968428 0.206146720406741
"7" NA 0.125553757138382 0.168683357546354 0.183855677761208 0.192580973739889 0.188120320051467
"8" NA -0.167143315451086 -0.220321963955323 -0.215966635049024 -0.213811132008999 -0.210981735040984
"9" NA -0.304879559010524 -0.195552607519088 -0.210418612804355 -0.216137779524851 -0.210613357822158
"10" NA -0.186223936589886 -0.208044388370275 -0.19730286520306 -0.194153603164758 -0.19392053254887
"11" NA -0.259389011124506 -0.202626353575036 -0.20666621267808 -0.20978809843135 -0.221872205244694
"1" NA 2.75337951316988 0.586712478127238 0.0680140519450125 0.0626836522636422 0.0821253164356215
"2" NA 0.189808711099698 0.156062020375162 0.198597192677133 0.204364425889023 0.203384199390931
"3" NA 0.233810686496788 0.237261981789693 0.224924928744204 0.21824657103396 0.221808288321235
"4" NA 0.21806119461765 0.19770766584754 0.203834528783535 0.224824300286152 0.210590157743893
"5" NA 0.150837180447792 0.205403575199037 0.189424697245315 0.186661734188359 0.181801952171747
"6" NA 0.253728859975029 0.218792182759704 0.20282854702485 0.197635694101548 0.202327733623438
"7" NA 0.140866313108335 0.192380636146412 0.1804352187358 0.187340412844022 0.17835960972543
"8" NA -0.236824311102137 -0.221336366439664 -0.210106368902874 -0.204833897481707 -0.207625572114287
"9" NA -0.138904239800898 -0.192431908658321 -0.191243338741593 -0.185994201252304 -0.187496902992976
"10" NA -0.244711088356143 -0.204585727467378 -0.190926174443895 -0.189953339319976 -0.189656898222088
"11" NA -0.188961211044175 -0.208424478415078 -0.221445285107538 -0.215578324768641 -0.215262930973292
