"1" 0.188956226479668 0.152676489419315 0.215871326033661
"1" 0.469861322776473 0.168004251765357 0.00516785930977354
"1" 0.588591669465481 0.152101913350187 0.000109345240512326
"1" 0.351365705167296 0.150728892525648 0.0197585219516649
"1" 0.255204281944694 0.150256161658523 0.0894380151695976
"1" 0.288376639251109 0.140934872467413 0.0407542019218895
"1" 0.587969494185202 0.144555187915062 4.77350446658357e-05
"1" 0.141943634644639 0.147335991273492 0.335359296708503
"1" 0.435280814015645 0.147997468169488 0.00327426524595594
"1" 0.247268613125638 0.14396549610733 0.0858950804362417
"1" 0.348574749473427 0.150606977896985 0.0206533708477474
"1" 0.617416283178008 0.145671115229822 2.26213824177392e-05
"1" 0.376661364450286 0.140211776047424 0.00722983728441325
"1" 0.476567259836242 0.144934722169386 0.0010104117203506
"1" 0.441687371620031 0.146996783639181 0.00266172490421625
"1" 0.651667914673024 0.139895008731412 3.21168797743985e-06
"1" 0.178211613321085 0.146123299900874 0.222633478144518
"1" 0.193061168632915 0.166578881161321 0.246480756124455
"1" 0.344152747502106 0.150567103796837 0.0222828000676792
"1" 0.582659068761668 0.157155170868544 0.000209910738296168
"1" 0.416342416236075 0.154771936448724 0.0071509777784
"1" 0.604721218054385 0.152149303230505 7.07950823699644e-05
"1" 0.499297155368508 0.136926547316427 0.000266627948022354
"1" 0.483649529348511 0.14613397679232 0.000936026444275112
"1" 0.17129022294886 0.138708318689364 0.216885675875889
"1" 0.420601621011846 0.144895042377557 0.00370289522889327
"1" 0.441763321718643 0.139929543732953 0.00159641982159955
"1" 0.294842540398994 0.152404601831377 0.0530545772146978
"1" 0.592961751670298 0.144642525707221 4.15864684802641e-05
"1" 0.792393211068588 0.15327933078089 2.37103468892385e-07
"1" 0.588703806075908 0.153471720177535 0.000125526828107968
"1" 0.479763501724731 0.150012638382511 0.00138549924738706
"1" -0.13619542699265 0.159021911532174 0.391756463372421
"1" 0.389581202320893 0.150292753803205 0.00954555765144199
"1" 0.314327878739665 0.144707621662155 0.0298567315331873
"1" 0.255472151203012 0.149956796909964 0.0884659415240198
"1" 0.388170012140443 0.155575502525663 0.0126025219603571
"1" 0.527466026179337 0.151364338472885 0.000493779992952705
"1" 0.295379737751454 0.158194653823408 0.0618910792344978
"1" 0.364039802762851 0.150758773511041 0.0157573413727107
"1" 0.319320279163707 0.148796918884097 0.0318851945636445
"1" 0.127352887859762 0.142421784081196 0.371229376789316
"1" 0.266914619406235 0.147825111303462 0.0709958617788616
"1" 0.348242221640071 0.143397584245558 0.0151708123934608
"1" 0.512404411327184 0.153262320814463 0.000829523960225518
"1" 0.105325451215253 0.161811126303436 0.515109025400452
"1" 0.267584769393709 0.158942180614551 0.09228886447125
"1" 0.353821372089281 0.153364199488812 0.0210624253233959
"1" 0.545967102199341 0.149456312272275 0.0002599086260502
"1" 0.106096184871941 0.139585639541109 0.447217018588459
"1" 0.1883045719794 0.13986843030925 0.178223430222984
"1" 0.0598249066443614 0.157530767424752 0.704123241832088
"1" 0.733139734086814 0.153023624568574 1.67256189248722e-06
"1" 0.511942229407162 0.150759554687917 0.000685880064346317
"1" 0.827831683636748 0.131659507616774 3.296873822508e-10
"1" 0.395306586476193 0.146555097687353 0.00699643508208008
"1" 0.127020405418216 0.158875234082453 0.424012358320736
"1" 0.413778334075898 0.147070083935271 0.00490620043512048
"1" 0.288463278604482 0.140422277546309 0.0399653554864935
"1" 0.71569191023185 0.152998701598433 2.92128309531523e-06
"1" -0.0428246008103441 0.157799020659318 0.786096523192181
"1" 0.233071889749508 0.139299603352505 0.0943112597860661
"1" 0.602738996093281 0.150522445244012 6.24476795939222e-05
"1" 0.298004011677871 0.157091017493627 0.0578419623990669
"1" 0.361433967425204 0.144785855685042 0.012557287737189
"1" 0.701826549232796 0.146472652985172 1.66843567422197e-06
"1" 0.391707259223174 0.150555611757441 0.00928268553016808
"1" 0.488289611598847 0.139880821232507 0.00048281246313869
"1" 0.215710619860501 0.155709765721846 0.165966384987319
"1" 0.121776319806169 0.155967321300074 0.434941589121679
"1" -0.0600588185211797 0.142597378407049 0.673630447398935
"1" 0.469586795072427 0.153013151581869 0.00215145874180506
"1" 0.575701130419252 0.150456973146968 0.00013049671892068
"1" 0.0960719396134695 0.151925006891373 0.527156940108241
"1" 0.188956226479668 0.152676489419315 0.215871326033661
