"1" 0.0376504263884657 0.0141018364830582 0.00759294310902706
"1" 0.0418664459421103 0.0143138161749808 0.00344913703994565
"1" 0.0683611110632606 0.0141714766667871 1.41733288355194e-06
"1" 0.034542062826157 0.0142379966626442 0.0152720638445127
"1" 0.0523330250522233 0.014256221935089 0.000242266267056708
"1" 0.0585457592857078 0.0144421472516088 5.05590851267286e-05
"1" 0.0390863564329764 0.0146695837247941 0.0077169585481715
"1" 0.0468250479685894 0.0141755777933305 0.000957306231959214
"1" 0.0706201550560825 0.0142475292690528 7.22366796585259e-07
"1" 0.0622836735459489 0.0142657181912183 1.27125603118186e-05
