"1" NA 0.00848884209433535 -0.0030483396187959 0.0142514843616692 0.0412528082069349 0.00415104991723017 0.000910788680114624 -0.000548919689783047 0.00510340929965019 0.0437449825383256 0.0115493756525646 0.00616365881979454 0.0439713488687004 0.00474840940536324 0.0310999461118748 0.000643916587384198
"2" NA 0.283389095133865 0.0103716228208246 0.381245630793971 0.0163427112325335 0.664147012782164 0.0145674862960389 0.011610492370813 0.986232511362536 0.0257593710275358 -0.0121615847417666 0.987309907399184 0.0287910832140515 -0.0112741380690788 -0.0101551612808239 0.0127991249479948
"3" NA 0.52863871557457 0.0998154877548612 0.680904154072141 0.289443577659051 0.985113068318706 0.103892983641923 0.101062373397526 0.983515012460776 -0.010211851994047 0.985963776697387 0.984594313665923 -0.00915958092257143 0.908609275594602 0.988201614209138 0.1022531078247
"4" NA 0.557247154341041 0.979768696139266 0.410484140875282 0.0323479238755058 0.704842213920108 0.983017618909267 0.981462828720111 0.568894436229793 0.0491406659915645 0.57794959881951 0.569943254738937 -0.00156944809524749 0.988575902666816 -0.0113288930737089 0.982668276097241
"5" NA 0.296505719627275 0.977377851787736 0.0591747803924768 0.079878987716458 0.0532163534626845 0.981100244910346 0.979587508003086 0.0593887899999071 0.083313327862067 0.0505231817135452 0.0604795222160539 0.089512145832647 0.036793504354242 0.0676661515047147 0.980784547980242
"6" NA 0.299097280860806 0.978017138897536 0.0623595924697777 0.0498471085543822 0.0819038595903332 0.981384429255689 0.979921996670805 0.0929406417400568 0.0473421048404849 0.054821000499431 0.0939970809231931 0.0515614816960233 0.0538657666774122 0.0514927534496446 0.981127444047934
"7" NA 0.0911399807722144 0.123744793644849 0.0823942533147931 0.0916165241277111 0.0819200284327247 0.127348819179304 0.126050174854146 0.0675847852253037 0.094104694768542 0.09623183668951 0.0687060001374523 0.0933072122463089 0.110173470698229 0.0814981111457011 0.127249316681296
"8" NA 0.0705742419171533 0.0419932364031217 0.084141847542118 0.0976700582673335 0.0771616034510713 0.0457156295257278 0.044302454073966 0.0752936986574505 0.0977018170707003 0.0822812380154507 0.0764682582876114 0.0952047454531412 0.0838191298570709 0.0929886323725996 0.0454994940511225
"9" NA 0.065607490903977 0.0642177766669792 0.0695472529475144 0.0888428199318984 0.0582401275759549 0.068413640142193 0.067080446145852 0.0571372740764466 0.106694622826096 0.0494660393971443 0.0583118337066056 0.110385011107789 0.0568649519594978 0.0423557209801959 0.0682690787230337
"10" NA 0.051332554163859 0.0371647560844701 0.059817523217788 0.0989310923152523 0.0336422089383002 0.0410055167952287 0.0395963357591172 0.0292043131825945 0.121083112034729 0.0391033450966254 0.0303788728127495 0.129360343176099 0.0353016096414374 0.042355720980195 0.0407912738862812
"1" NA 0.0357859833556789 0.0364664842405619 0.0155226258132682 0.0191668345242624 0.0211536136084093 0.0569000612485784 0.0621040757416037 0.0417112865750048 0.0165139092696584 0.0211175777895236 0.0676859063938247 0.0244408442066542 0.0159268200695479 0.017382318795485 0.042460412566233
"2" NA 0.303196783295037 0.390108711866582 0.0370942745035622 0.0407384832145556 0.538129638384424 0.284671141475185 0.0693768030143313 0.478779743034394 0.0365756376647195 0.565744828727707 0.0755444525627841 0.994647062636175 -0.00218206783830015 0.0206467694870096 0.479484915606666
"3" NA 0.560670303331422 0.696173860073668 0.155920703882844 0.159510208903835 0.942481067161972 0.515231084060926 0.000285893923422374 0.997455597789753 0.155549742165905 0.992072499996932 0.000888263957675733 0.986409524296138 0.885307205635264 0.144727974424608 0.998146119222372
"4" NA 0.579090863440574 0.428587755622762 0.989875565723073 0.993355663364059 0.996411812331819 0.000579459244970385 0.0748313484688764 -0.00387181461872156 0.992042967256006 0.995001883886893 0.000888263957675525 0.99562469797791 0.996633642194863 0.992514045924212 -0.00296152609130809
"5" NA 0.318396783295038 0.0762243250486447 0.990869313024365 0.994513521735357 0.0835741725115506 0.0790470019222741 0.0802858939234209 0.0679105797288492 0.991822551244969 0.0867495536732365 0.0873322718162222 0.111866918234622 0.070019699350705 0.995529030083558 0.068630403440771
"6" NA 0.32744974322227 0.0887491908895656 0.990139866693677 0.994002890164676 0.0853237992566851 0.0995250613807813 0.0802858939234211 0.108183313913444 0.991528663230252 0.0878089353388434 0.0873322718162207 0.110251913350403 0.0794417333426004 0.992015112859848 0.109005695602937
"7" NA 0.128336142737148 0.0974061280495996 0.199246362846102 0.202781164177092 0.105192370272982 0.0983995349864682 0.100285893923422 0.0859666166726427 0.198759618709114 0.106881341491477 0.106978637238619 0.109081288166975 0.0984119230444955 0.199610662736617 0.0864666732897658
"8" NA 0.0954971020579766 0.096153252859647 0.0774386915629443 0.0805358633739246 0.0808478351151539 0.11328877922597 0.100285893923423 0.113670310556095 0.0774338144916352 0.0785838099379919 0.105014000696379 0.0745313678839984 0.0836590385824633 0.0761531241294815 0.113891995519806
"9" NA 0.0855803822641539 0.0831872885160594 0.0758793767068337 0.0799065112478348 0.0771211270406189 0.0932122973904054 0.100285893923423 0.0783543254259836 0.077728000305633 0.072039307320192 0.101084727611899 0.0746202438241542 0.0701089030811048 0.0797401008727947 0.0785760103896958
"10" NA 0.0753284621064891 0.0767043063442504 0.0551375965419653 0.0584535831129514 0.0597298226927917 0.0951243432795076 0.122104075741603 0.0653431730096269 0.0555349882053127 0.0497879984196685 0.118766456492056 0.0455374697749387 0.0673988759808317 0.0570029864116594 0.0655648579733389
"1" NA 0.0189260959992111 0.0134370180360775 0.0241273803146169 0.0102840323512796 0.0122047030744071 0.0350873247399881 0.0112339718705702 0.0168909003518916 0.0483900120578501 0.0125823063832579 0.0139223533134536 0.0427057159880635 0.0692483329937141 0.0151179575496648 0.0192817107995993
"2" NA 0.310572427408924 0.0368894501586456 0.410007358455248 0.0334887363113434 0.705098776631629 0.0277402578929128 -0.0054361890438347 0.994056432875118 0.0448376141892895 0.0357466527405387 -0.00280848231999166 0.0452246076757212 0.0513911901365743 0.0382818998562898 0.996446889370094
"3" NA 0.546711421638064 0.151674376618915 0.688794341763532 0.14765434236536 0.989145539250559 0.299987306061705 0.993833946872426 0.991820517502345 -0.00311975703629125 0.14981136478759 0.996462351022276 -0.000115442702114198 0.00972452346990648 0.152345601776699 0.99420885028093
"4" NA 0.572323787672936 0.982704212622708 0.431365108855606 0.980542139587955 0.735055067643245 0.0384792202737362 0.538996607908152 0.635795618045875 0.0608234045978147 0.983001844031061 0.54363201031991 0.0754513079276097 0.0335340472794314 0.985539111400074 0.638185012682654
"5" NA 0.302757753047777 0.986495728435056 0.0658149697415542 0.98284728642524 0.068587189136298 0.0578495020133746 0.0784461491925534 0.0659445067206737 0.0554948077949705 0.985064845251671 0.0813852331560041 0.0578190661140074 0.0573435710889542 0.987599688316779 0.0683328394992601
"6" NA 0.309662781902076 0.984054919638343 0.0759533044011927 0.982016710684808 0.0731596889225041 0.0753169682872182 0.0801246121313581 0.0713736341682704 0.0803615928749007 0.984496593929373 0.0830706037840691 0.0678946328646376 0.116867380612764 0.987034063323715 0.0737617899704932
"7" NA 0.113027992123736 0.176701695635824 0.0941101604828568 0.173424845869776 0.0863879940764183 0.0944271352961729 0.0665926423232345 0.100900860739348 0.105228377954832 0.175702941100361 0.0676418514680033 -0.000115442702113284 0.366867380612763 0.17823839024143 0.103283353297865
"8" NA 0.0779129055608393 0.0666834829578812 0.0854634891494681 0.0629111768668281 0.0723875201069901 0.088569148517049 0.0657483097658399 0.0734413950446987 0.107004576889113 0.0651085568918527 0.0667898141630609 -0.000115442702113282 0.372819761565145 0.0676431979316077 0.0758199941231706
"9" NA 0.069773911331699 0.0553509886201831 0.0784364621224396 0.0519502747728822 0.0521757780473168 0.0984335134985535 0.047399685912629 0.0613120149907934 0.117661770494793 0.0542081912020785 0.0465319872753999 -0.000115442702112932 0.414486428231812 0.0567434383178241 0.0636906140692613
"10" NA 0.0681275799219861 0.062855541789668 0.0735715972575754 0.0595786920236232 0.046400994601696 0.0947343766304891 0.0529042730685924 0.0491826349368838 0.112333173691953 0.0618567872542059 0.0557400904061547 0.100640224804184 0.146629285374668 0.0643922363952826 0.0515612340153532
"1" NA 0.0243009949633667 0.0233402847171703 -0.00665583061704907 -2.58143022475874e-05 0.0162727777203633 0.0520147443026832 0.00311154285361489 0.07346522860136 0.0160438838302645 0.0217451219857997 0.0236463014549946 0.00681110474327353 0.0770076376934452 0.0229902485420431 0.0700393830299916
"2" NA 0.311655829506531 0.404464149076945 0.0138819451512857 0.0209542172347746 0.706804297597435 0.0426211025682125 0.0243807214197629 0.0716921789559714 0.525485595201261 0.59706910277372 0.991281261285824 0.0283508032191708 0.0748663100703177 -0.00672735092335367 0.0700393830299933
"3" NA 0.538541309731798 0.672253159782408 0.124649540547705 0.13436281979284 0.98201380181699 0.298401053236018 0.133814318772148 -0.00809505508658254 0.989386274560999 0.984202425795479 0.988290943309711 0.13743470133028 -0.00436281198535607 0.993058541930312 0.0225053202432958
"4" NA 0.554839703599158 0.398158917566221 0.96816394279944 0.975882021429248 0.698878982626822 0.0362995870001216 0.97915757141237 0.0628269307290218 -0.0114871908333411 0.987668446635635 0.596702215185666 0.993668020173399 0.0812902929396973 0.52704036824053 -0.00579656654915816
"5" NA 0.300959860983373 0.0544435281086725 0.97108327207802 0.97811857948229 0.0467781086586336 0.0799609567338193 0.981237996817644 0.0929687747006509 0.0534121803741942 0.0562356706668154 0.0549904262048543 0.98472929098109 -0.00436281198535604 0.0609508255019723 0.617209194350755
"6" NA 0.309202601096007 0.0647686661895632 0.973657977049286 0.977107825979062 0.0844948886555946 0.0581651128887114 0.984727328217282 0.0628269307290198 0.0772936200012991 0.0859065970751586 0.0979952727221548 0.98821082597695 -0.0043628119853557 0.070192969679422 0.437963911331874
"7" NA 0.111336459043393 0.0840573533716087 0.15838551081242 0.16749645898741 0.0827160299160457 0.098190783854925 0.166758941708287 0.101834022927603 0.107524496792862 0.0786805387878653 0.0927350020522428 0.170677892037174 0.102703569170961 0.0977124614982136 0.117209194350751
"8" NA 0.0691235454013021 0.0682868051664139 0.0423061706534443 0.0489542166914031 0.0612620988604655 0.0891076531894777 0.0523599550208157 0.0965148739914336 0.0739646471753076 0.0628182675405535 0.0589758536207989 0.0550525691570339 0.0984209139247087 0.0862722096741591 0.117209194350746
"9" NA 0.0691235454013023 0.062884320023254 0.0577144911465106 0.064315199794322 0.0505928457081813 0.0903301470770072 0.0677920537862443 0.107153171863773 0.0630157420658181 0.0493047540270419 0.0603181354999929 0.070653193181995 0.10912755204034 0.053000490635342 0.136077118879049
"10" NA 0.0600461281297202 0.0607233259659815 0.0286010170297155 0.0359649704663175 0.0282844072988706 0.113557530940091 0.0394770604797435 0.126656717963064 0.0630157420658179 0.0290344837567673 0.0361570616744932 0.0436502520850841 0.13268215589473 0.0622426348127907 0.107775232086598
"1" NA 0.0231758111528159 0.00585582229507453 0.0312045240368784 0.00619736343644891 0.0515714902632829 0.0175004298788956 0.0193496936564903 0.0184018737586196 0.0653299360777248 0.0066798880263848 0.0603528618109262 0.026807650295241 0.0184333527666383 0.00540253646408514 0.0184659061307847
"2" NA 0.306348408003054 0.0243194386055206 0.407350240809611 0.0238165589406244 0.049003019531793 0.695381428850852 -0.00761849209336514 0.992394622648623 0.0741327529791317 0.0242237727526766 0.0770814863462416 -0.00888434233663745 0.504169564707019 0.022883984455703 0.991143785876877
"3" NA 0.536524849892911 0.121607533964081 0.684023855543923 0.121843522504672 0.303570620019006 0.989608960147225 0.992813834505382 0.989369808036671 -0.00333203575326177 0.122316633247369 -0.0047029002708598 0.90220793330993 0.992253097770186 0.121031477093236 0.986795959789933
"4" NA 0.565734706428174 0.982338357332222 0.421861330011285 0.982046582868894 0.0318844358103856 0.734638572425808 0.538803559345988 0.627476317594542 0.0494848656551877 0.982472624375419 -0.00470290027085938 0.990986754772857 -0.00691326384525677 0.98114844526211 0.991331535739122
"5" NA 0.304273888633008 0.987339469422164 0.0668609259817712 0.98683658975727 0.0812938659173167 0.0578867692847584 0.0614957931471666 0.0576880482195888 0.089977823401668 0.987243803569315 0.0938101108815564 0.053802224827544 0.0712369492438538 0.985904015272342 0.0436931986448711
"6" NA 0.313148408003054 0.989258917413485 0.0782061447824151 0.988544932547024 0.0835312938030305 0.0764916932710057 0.0807767281971588 0.0800897561397283 0.0794144431199764 0.988933318664605 0.0826576945246803 0.0624996429271221 0.100027750524471 0.987577921183963 0.0636339157606965
"7" NA 0.101374132569222 0.168211111385297 0.0808426703893073 0.168235994724321 0.0834388126820743 0.0775790060630117 0.0710852808815228 0.0733445091241074 0.0987806403030758 0.168690277772549 0.0975275830005185 0.0884426861901725 0.0577103020843183 0.167389512434745 0.0759116049450531
"8" NA 0.0809762990252463 0.0512971836090029 0.0949756561666075 0.0512165143472424 0.125447600888512 0.0666991893291377 0.0746067019718603 0.0610154722485853 0.151597541711523 0.0516613835482352 0.155148400844385 0.0779203194782974 0.0765020047125849 0.0503528136186009 0.0446171583287056
"9" NA 0.0698135587102708 0.0468639954320916 0.0814694433086825 0.0466777735695484 0.104741145346491 0.0589321990378785 0.067438243190499 0.0582568515589287 0.118146837486176 0.0471132289233055 0.116114943595313 0.0659800209708319 0.0765020047125868 0.0457968544018358 0.0446171583287038
"10" NA 0.0593017796551998 0.0540002317655978 0.0647217393648628 0.0541306677054054 0.0925608773805943 0.0385438495233147 0.0495170962370935 0.0375671963865158 0.107583457204487 0.0545943646008689 0.103103791178952 0.0510546478365042 0.0436834718940533 0.0533014038548992 0.0402693322417478
"1" NA 0.0134260368788309 0.0148364032181797 0.00592055179771797 0.0172129710354885 0.0355967600625933 0.0149125817815698 0.0281919005796243 0.0308031066919411 0.0141946855571941 0.0136377652299424 0.0200464664034974 0.0199302696244657 0.0207416863479419 -0.000168956552374605 0.00530685241315994
"2" NA 0.291809212969177 0.383335630631785 0.0299392830101378 0.667233993146482 0.0549285970935853 0.0399453133532083 -0.00116410130793049 0.056250066083261 0.996824110984558 0.0386885865420975 -0.0092469609789871 0.518338931177587 0.0739736255114404 0.989077785126049 0.0153516745651616
"3" NA 0.540034550730224 0.682292453037731 0.135754177484047 0.998325967620148 0.313663642052162 0.145422207707379 0.891633725665897 0.328251780271189 0.997295177521877 0.144159450982762 0.883863738520202 0.992006142557707 -0.00587428323380656 0.982508582525758 0.125496122656404
"4" NA 0.561538807655922 0.411627853218678 0.978110014717456 0.721060269684877 0.051944472499858 0.988116045060523 0.998337515913508 0.00190853406809542 0.581987633544161 0.986859318249418 0.990348518000061 -0.0084679250580654 -0.00587428323380752 0.98857920474574 0.978199971778785
"5" NA 0.307454280521387 0.0665006456401122 0.980216573532922 0.0783566990008378 0.0778798075953992 0.989095936810196 0.0811089576630625 0.0804071436268521 0.0704866429570985 0.987819110287398 0.0734328322749701 0.0515239889368337 0.0834793289334935 0.0861940578667612 0.98208703817167
"6" NA 0.316569753386852 0.07746108172076 0.984418231574611 0.085702004172125 0.0919044692156483 0.994311595211104 0.0723822714746978 0.0951365915929673 0.0862923636104954 0.993052858428823 0.0643619863087134 0.0721217792484489 0.0986884544087784 0.0987631151032056 0.984471031359246
"7" NA 0.111358333653949 0.0930637512741406 0.16056573314958 0.100797482328115 0.103727964814385 0.170008429959751 0.09087144752501 0.106266663212184 0.100013375115202 0.168741653292802 0.0823505663184557 0.0911897054534969 0.0948861730399575 0.097321251473561 0.162806043674918
"8" NA 0.084496238398952 0.0955940118978301 0.0527553375956 0.0872307860032702 0.122624733620995 0.0619727009926113 0.108197730425342 0.118435291716068 0.0788307677827513 0.0607019043833213 0.0993952639459665 0.0857596391614609 0.115798720568474 0.0669850304462163 0.0515091535479276
"9" NA 0.0786258330856961 0.0804096301190978 0.0728328657209532 0.0706129951919323 0.109226438858508 0.0827262293574447 0.0686198940137333 0.108192013867156 0.0715208262622838 0.0814674925751639 0.0598174275343573 0.0746279137440249 0.113897579884064 0.0547899084949965 0.0711583378607977
"10" NA 0.0610765086077896 0.0608868535464208 0.0612199123412984 0.0530176872740436 0.0873019565198992 0.069986608911992 0.0501502370216475 0.0889858679004457 0.0510529900049716 0.0687077724180282 0.0413477705422728 0.0579303256178655 0.0872816103023144 0.0377167377632908 0.0595655280926985
"1" NA 0.00390992504382436 -0.000313390773194658 0.00949843945109208 0.00489682982382543 0.0439303191567353 0.0106046496032387 0.00230523037208797 0.0125360959215144 0.00789574978302615 0.0486020439346034 0.0165213905726712 0.00641467605312428 0.00573604912839796 0.0522196126366446 0.0196052124326279
"2" NA 0.292654158340765 0.0168592767965241 0.394167001640959 0.676054068904248 0.0400646074580418 0.027593758177384 0.234371739183181 0.0106341246765388 0.578729303291983 0.0591099248452858 0.0146323941083581 0.990460335388709 0.0845754386108007 0.0627274935473276 -0.010916283085141
"3" NA 0.524487123447859 0.136641929599789 0.665448969351232 0.985340046745702 0.261291899842885 0.14728463148286 0.983798905354052 -0.0130113493339609 0.984812182445565 -0.0126939280443806 -0.0090260546828039 0.988919738381112 0.987550592001697 -0.00907635934233986 0.988507158514154
"4" NA 0.558360477383184 0.958577068207571 0.421382839781216 0.725090696767124 0.0375689960015174 0.969311549588428 0.881669976248224 0.975808284376374 0.576995906961693 0.0556072978750591 0.979832503369527 0.613134765944439 0.933208672221869 0.0592248665771 0.548545981323101
"5" NA 0.285545364724633 0.971023990524202 0.0478027235538184 0.062842490400467 0.0550871940027556 0.982584487385144 0.602403556516845 0.981089852614312 0.0398276034128325 0.0608612383303997 0.985146508559117 0.0617185588542047 0.798526201757795 0.064478807032441 0.0111562468208444
"6" NA 0.297099761532698 0.972229998226388 0.0630606127613131 0.0814576538929138 0.0656566534955907 0.983056259105029 0.863261977374948 0.981321313794488 0.0106680836872748 0.071369119241083 0.985339045397312 0.082367056925075 0.829550135636505 0.074986687943125 0.0151104678764054
"7" NA 0.0964464694033537 0.143858388367911 0.084074300792374 0.0884107407348647 0.10269908121253 0.154776428744341 0.10590905164929 0.154601824301329 0.0918657542498343 0.101141448488018 0.158632530684806 0.0760149110480523 0.12865230084177 0.10475901719006 0.120195222998419
"8" NA 0.0585830137628826 0.0441651368341674 0.0682821967656999 0.0616827507133852 0.0979524473272851 0.0550831772105994 0.0874027266312575 0.0432493788248318 0.0644522601975351 0.0993901350029043 0.0472865725986341 0.0588094389105471 0.0921741607882434 0.103007703704946 0.0841387797977926
"9" NA 0.0627703756780422 0.053996827376545 0.0704466989301958 0.0569746527849504 0.109402829006674 0.0654655447397055 0.0315887731428903 0.0722149979366197 0.0541606650002789 0.132665091220068 0.0762911160524153 0.058809438910545 0.0251009900565348 0.136282659922109 0.0574994355354997
"10" NA 0.0442893328053027 0.0430836473911997 0.0493428028262951 0.0306093043857074 0.0954079180651983 0.0537263492742699 0.0498984458714044 0.0489552925597512 0.0370080063381873 0.101141448488019 0.0529535619915721 0.0327463387733725 0.0491695565585807 0.104759017190061 0.0554502552076322
"1" NA 0.0258896655298248 0.0253068225743646 0.0149400244699615 0.0152679885322335 0.0177443527374224 0.0364029611237075 0.034286612969889 0.0145328448072864 0.0355503321932988 0.0105221727530435 0.0471218703335272 0.00833360370632455 0.010040237801465 0.0286435496502189 0.014012624494382
"2" NA 0.304738381822127 0.402278867668265 0.016322214735031 0.0176281097458138 0.699078082179399 0.033467490609378 0.0349603079035529 0.0167882166777268 -0.00848887606827663 0.991913391217965 0.0471218703335267 0.524767508111382 0.0078405901716094 0.0285162948909256 0.636961229133098
"3" NA 0.552929991117235 0.683011677366723 0.172935153323163 0.171680932260044 0.991402889322788 0.30116321334022 0.317079185104656 0.170977213338038 0.867832424996206 0.990532175748351 -0.00716884770500068 0.991015538910496 -0.00845519228892412 0.989190452194301 0.989099250870234
"4" NA 0.566481274824933 0.415161202709799 0.981280151090728 0.980678335795298 0.712557558921824 0.046961125852086 -0.00464809154039443 0.980037466479174 0.991511123931723 0.595213257423154 0.066386318669779 -0.00877394671074898 0.982233820746457 0.967354815878393 0.990612048721053
"5" NA 0.31259386088227 0.0688292339828256 0.987919862803281 0.987913704082396 0.0729156786077043 0.0670283704600124 0.0702493874526038 0.987209985160396 0.0817364177601197 0.0627194976879932 0.0646350051846658 0.0725052053973406 0.983927293020916 0.815669422619967 0.0278288526117024
"6" NA 0.330417405059897 0.0933250137841939 0.98722876767075 0.988265037043757 0.0968135079420592 0.0908683863989278 0.0954870987592483 0.987613692793329 0.081582702842161 0.0965216493888178 0.0874020804911486 0.102539702479269 0.984011655580132 0.816560205935006 0.0497166305342105
"7" NA 0.122350279420763 0.0991877490459681 0.177501579638116 0.175376118726779 0.0918196030395041 0.108067476732581 0.108510397029224 0.1747666742136 0.10966634891307 0.0820589453680287 0.101412588372055 0.0885118715184445 0.153555980895432 0.187855741826101 0.100749662542176
"8" NA 0.0889234793690394 0.0945724932676482 0.0647076449337561 0.0646239156742944 0.0847849487032849 0.101382227258477 0.101561635984945 0.0639411466209182 0.0794409570831104 0.0867876109139207 0.11367178276785 0.0745261434333733 0.0602352048511696 0.0696237042176306 0.0795320428194861
"9" NA 0.0870512188991112 0.0934890696490251 0.0607908544546399 0.0603108013389398 0.0662483633374316 0.122063492465286 0.124638559061865 0.0596699320228197 0.0794409570831107 0.0591633015216564 0.122428350193421 0.0838198237307734 0.0623504899217871 0.0300433520024209 0.066218433352031
"10" NA 0.0637554142515575 0.0658617673738232 0.0495847164271271 0.0493802465850961 0.0389312901666996 0.0940829571854792 0.0951513795746886 0.0487079524660314 0.038624630552498 0.0398262849470697 0.106666528827398 0.0392101583032586 0.049146383052864 0.0301706067617112 0.0395912144171193
"1" NA 0.0127963638717924 0.00966045334707836 0.0172026950589259 0.027579768139714 0.00938260382481146 0.0129905426551866 0.0219711868147594 0.0267494415196916 0.0105130547504966 0.0130099332047877 0.0330568641188188 0.0084393911386404 0.0112611268390335 0.0186230022861198 0.0212409883196324
"2" NA 0.310430768226573 0.0281504379387589 0.412726789641818 0.0326302731902191 0.0280851304765249 0.698451073626465 -0.0100865275675991 0.0360332611483394 0.0292312732896536 0.98919824167713 0.0524367090800583 0.0271538959843861 0.987447844432104 -0.0119514526543384 0.0231941133196337
"3" NA 0.538693150807454 0.139389739154837 0.681957096080997 0.278842394402345 0.135937562569359 0.98674077648335 0.880618496572839 0.294653950803514 0.137020937832713 0.98654572178323 0.0059250811730786 0.134958415301096 0.984795324538207 0.92192472995385 0.427490988319633
"4" NA 0.555961959517012 0.981216083097671 0.410149911276574 0.0401543690128161 0.981265476217977 0.69111075398665 0.990445086168213 -0.00646804467148543 0.982364543368776 0.570161085958492 0.0524367090800629 0.98029830714375 0.568409097834194 0.988591396620516 -0.00814335751078854
"5" NA 0.301927555162233 0.980029947729311 0.0674458068903673 0.0638342974837466 0.981392151476503 0.0754071271745142 0.0630981317301928 0.0687628472000186 0.982506910514744 0.0781186456401941 0.168195022275688 0.980436960596301 0.0763666575158908 0.0647561093342356 0.0130786049979482
"6" NA 0.307286724678775 0.980561992750725 0.0743874650591048 0.0613607067116563 0.98313015198039 0.0891076194593162 0.0701738107539624 0.0661713148235527 0.984268448849792 0.0940947525210269 0.133832057917271 0.982192928391241 0.0923411735174498 0.0722184706005766 0.0265755383371044
"7" NA 0.115750985965558 0.199360143752265 0.0905441070785475 0.102436349906795 0.195204455385962 0.0843270705889539 0.104225076645626 0.104099431064827 0.196342752255369 0.0773567387868615 0.261739034661457 0.194267231796809 0.0755554334050754 0.0957377012308353 0.0257595341325805
"8" NA 0.0803615645115277 0.0586123822439462 0.0927398711036898 0.105219911197855 0.058791532281456 0.0801799220311828 0.0855887039802374 0.103078108705066 0.0599062913196979 0.0843084415454773 0.292746786599437 0.0578363414012554 0.0824641824233014 0.0670632187523761 0.0144781382846874
"9" NA 0.0657551383828491 0.0544666281025009 0.0743714216169174 0.0900683960463405 0.0553155312736812 0.059464291146059 0.0682476635178092 0.0911417691825251 0.0563832146495934 0.0591095025534326 0.219103375746729 0.0543244058113888 0.0572652434312593 0.0610026126917685 0.0261968882846868
"10" NA 0.0525207340280692 0.0527484477127222 0.0570834691587803 0.0799673859453358 0.0537042060283197 0.0368654210895624 0.0422361028241682 0.081857949553876 0.0547640434605062 0.0378893434022401 0.222979344738968 0.0527070914690132 0.0360450842800655 0.0337298854190414 0.0105718882846862
"1" NA 0.0157297447879545 0.0164892130248562 0.0395827845692215 0.0132776292511319 0.0438085486745335 0.0079361545285599 0.0110298549897539 0.00611426492298008 0.057358271226645 -0.00129717388207576 0.0180995317064412 0.0581273006058469 0.00725128037554117 0.00389571472848301 0.00802060965099959
"2" NA 0.313587679338413 0.331319558719713 0.313144015357415 0.0264450677728033 0.0451893958108232 0.696975383070924 0.0244645064662685 0.695021927826744 0.0626963495184556 -0.0103983816684335 0.0653035750556761 0.0634653788976628 0.0125027835436971 -0.00859489087517433 0.988514317083798
"3" NA 0.541987679338414 0.603550845303758 0.479502629033121 0.160351531801871 0.26732276056084 0.988429894725994 0.151564321891619 0.986555378864973 -0.00847802770574147 0.989486236256172 0.987984374879077 -0.00770899832653617 -0.00914216224741164 0.99097067530065 0.98585120123826
"4" NA 0.568749392049426 0.989994166475588 -0.00196310915058339 0.976809787306453 0.0296855198418308 0.719363001478469 0.981983995584623 0.717698990639218 0.0413440363511973 -0.0103983816684345 0.939905146195428 0.0421130657304036 0.98351861882696 0.54018183646442 0.607182751874475
"5" NA 0.305058712063184 0.484066004833727 0.0764727992111269 0.987415847912513 0.0682674948198992 0.0654174891757953 0.984999204881774 0.0635254312296285 0.0698137872408779 0.0768130757920163 0.797067756679547 0.0705828166200831 0.985233623598661 0.0208187907578454 0.0628090995988667
"6" NA 0.314271810237497 0.486051955292988 0.0963250572923545 0.976861890096972 0.0911678788845594 0.0774513173102033 0.974350407798355 0.0756031145769047 0.0822693032551119 0.126581263428493 0.857298070334266 0.0830383326343178 0.972429923798707 0.0431183019406876 0.0669594654586248
"7" NA 0.10854183572832 0.12051926759577 0.114810354118273 0.158263249590988 0.0955769927100466 0.0960788440026812 0.157250708129838 0.0937570049704082 0.0893867409775313 0.100316078747973 0.174488302728466 0.0901557703567353 0.148848583268936 0.0808253315466482 0.103059046319398
"8" NA 0.0803927175746486 0.0797157623343496 0.10303764222908 0.0630692180890473 0.11281714570416 0.0745325356089877 0.0597319135524353 0.0719475652995057 0.128532648450838 0.0646035400549144 0.0489148368013377 0.129301677830046 0.0634513606107875 0.0820045090694095 0.066592807961954
"9" NA 0.0652894430310702 0.0682044134372702 0.0827477871566128 0.0662558294909146 0.0869773524225053 0.055770809530188 0.0629000261189786 0.0531858392207081 0.103621616422376 0.0369537704696642 0.066878908657626 0.104390645801579 0.0636110938903951 0.0671425133156979 0.0399616495065608
"10" NA 0.0555282339370336 0.0448416445342219 0.0924096229054032 0.0508438003867926 0.0973132697351673 0.0351329108435096 0.0474417214597319 0.0325479405340293 0.110739054144792 0.0553869501931657 0.024962740992956 0.111508083523999 0.0505944163843063 0.0416648063093257 0.0372985336610217
