"1" NA 0.104219383235157 0.138512207123066 0.0615732748246531 0.0542707863364342 0.0556348869826736
"2" NA 0.00341917809655669 0.00903155046882619 0.00824075459212937 0.0093488959198748 0.00894096575544923
"3" NA 0.00351026518656978 0.00289137989581276 0.000858678527434819 0.00196397030641801 0.00203325599424798
"4" NA 0.00780381508856952 0.00695048595088921 0.00985224166325943 0.00760635508745274 0.00833349352205498
"5" NA 0.00533553027400145 0.00176884657282976 0.00594431667530406 0.00713240399138891 0.00641497559497674
"6" NA -0.0081264602620253 -0.00911905354128102 -0.00717527026201367 -0.00423965802204952 -0.00458551498421565
"7" NA 0.00753733390735329 0.00748033900035279 0.00680148107824945 0.00698379333251768 0.00725535231031106
"8" NA 0.00985208170065057 0.0055907786494132 0.00683462627472009 0.00695022039806299 0.00665260736828132
"9" NA 0.00125161951656836 -0.00204873611034072 -0.00862229210526282 -0.00888992457060982 -0.0102611233641104
"10" NA 0.0116657787966092 0.0113205171654005 0.00435909890275878 0.00352114323097373 0.00348952940442929
"11" NA -0.0159251383989119 -0.0133593894018534 -0.0106561696056113 -0.0106094613290656 -0.0109116244933082
"1" NA 0.105399969679856 0.118352667153915 0.0828499723430886 0.0476098583840614 0.039727545250629
"2" NA -0.000997411967962426 0.00354882829069228 0.00281525128048196 0.00087173677407009 0.00186889790993979
"3" NA -0.0136531962947899 -0.0149375179127424 -0.0127781165665389 -0.0120829153324014 -0.0119944096710598
"4" NA 0.0136546111626376 0.0131251699583385 0.0111850624768334 0.00883568741370695 0.00828993378553921
"5" NA 0.000617434814569909 0.00640464440012401 0.00276633283082942 0.00792251609212844 0.00531805443908232
"6" NA -0.00548447605698411 -0.00517323481983121 -0.00572773559589667 -0.00554307780426028 -0.00626230923750311
"7" NA -0.00564314170885511 -0.00638635666756653 -0.00337905365560469 -0.00183723713133811 -0.000840013511199748
"8" NA 0.0137760869120213 0.0157479525287272 0.0109277597589801 0.0141869605658148 0.0116587037058789
"9" NA -0.0117157402283986 -0.0117294104195327 -0.0079390415748478 -0.00748694441049349 -0.00589060915627907
"10" NA 0.00666509715159992 0.0105837335963311 0.00630612062475335 0.00517245177954606 0.00545484663276597
"11" NA -0.00749985662263773 -0.0133772454988238 -0.0119296596356727 -0.0100100616926675 -0.00820019956999471
"1" NA 0.115828524283546 0.122040439834824 0.0415287870218114 0.0284125661168691 0.028281249653472
"2" NA 0.00558789288178641 0.00141789603450346 0.00349688759367468 0.00554386601587692 0.00486198984449143
"3" NA -0.0150223195919194 -0.0132485855396722 -0.0108738276081989 -0.00934293978622526 -0.00898500011139678
"4" NA 0.0182843710915254 0.0119026041157183 0.00869637690818512 0.00692025408652747 0.00769231939875898
"5" NA 0.00230158492973074 0.00373690070941629 0.00631042934175268 0.00592998713428002 0.00513301819933382
"6" NA -0.00272671565408877 -0.00148663805325529 -0.00494742801194758 -0.0084280366701918 -0.00821057280251596
"7" NA 0.00249526293898071 0.00236711711197419 0.00340331988109242 0.00238717468479662 0.000512745419890671
"8" NA 0.00351884648501265 0.00429366248839979 0.00578152241479275 0.00636336902082543 0.00422618540632188
"9" NA -0.0108120073319812 -0.00879182330356053 -0.00577559199051325 -0.00554851291713641 -0.00471520188686236
"10" NA 0.0168178650807489 0.012166299088917 0.0119921258833995 0.0117964148913102 0.00981054937420573
"11" NA -0.0155434201603808 -0.0127156252209374 -0.00634303495510652 -0.00776200435601307 -0.00742336794609736
"1" NA 0.0866928973692946 0.111830587724993 0.0569999115664447 0.0435144578271294 0.0386106553898416
"2" NA 0.00806638582195761 0.0104378565015434 0.00926283218808003 0.00889652334020797 0.00439072092898621
"3" NA -0.00254738924209351 -0.00393864062992829 -0.00946044089387776 -0.00905744385114087 -0.00726558998377026
"4" NA 0.00184546422365371 0.00424901115950876 0.00755043460976946 0.00330153547546956 0.00202474931535363
"5" NA 0.010450547197985 0.0117580318938306 0.00560280618490688 0.00846737541943377 0.0074681258890786
"6" NA -0.00955676890026184 -0.00661838314681837 -0.00609321576977481 -0.00803199605167277 -0.00696678531971848
"7" NA 0.0129114206460078 0.0125085417937812 0.00578029920762488 0.00739535776895258 0.00647315400467462
"8" NA 0.00962326867933699 0.00751739304955965 0.0073252036370976 0.0062439104466779 0.00518966434887513
"9" NA -0.0102014196227365 -0.00773354406457043 -0.00339178441302143 -0.00375529340647362 -0.00631539101053009
"10" NA 0.00654258905501292 0.0112182493469312 0.00863848631321307 0.00695034368092741 0.00880371698981335
"11" NA -0.00800780155481105 -0.00575067939705838 -0.00214834903708886 -0.00315127135666232 -0.00363708843037455
"1" NA 0.0931492125595723 0.122860873184792 0.0543572352761527 0.0482476484204215 0.0431824683200876
"2" NA 0.000521558340035733 0.00432574481562542 0.00618337811751831 0.00768972669176494 0.00524432221819371
"3" NA -0.0093481622633144 -0.0127133290035375 -0.0102870462827916 -0.0104903689549774 -0.00663870409893117
"4" NA 0.0116918284144717 0.00909458948860357 0.00571845186015589 0.00458052578294752 0.00806910074275707
"5" NA 0.00564789332941005 0.00397774658326862 0.00612232660349863 0.00564527200537268 0.0040391676528785
"6" NA -0.00968401534623942 -0.00980043603817572 -0.00306473321087518 -0.00809833747139913 -0.00856793112178985
"7" NA 0.00914896600927424 0.00858387459492159 0.00430773260944049 0.006481194260733 0.00670495621308233
"8" NA 0.0129792658953791 0.0112313673336056 0.00954682345239793 0.0108193940717809 0.00915777315787665
"9" NA -0.0144627562198237 -0.0123204926822601 -0.010009712274521 -0.00916751125170944 -0.00836714719813664
"10" NA 0.00582581248422634 0.00360944991720678 0.00553869168126338 0.00541289485969645 0.00659228128036492
"11" NA -0.00267803710375338 -0.00198429789925158 -0.00563426816196118 -0.0047467112237001 -0.00563069638288653
"1" NA 0.112668880523417 0.138190258294641 0.0642808987783779 0.0629623576917732 0.0511044889807575
"2" NA 0.00324900651298166 0.00145370812048204 -2.41985275156785e-05 0.000280135735855736 -0.000288155077945753
"3" NA -0.00999921097348088 -0.00796775162304519 -0.00900815009166429 -0.00940090707379055 -0.00870868321943526
"4" NA 0.00010148551679904 -0.000562941658943091 0.00450285674665148 0.0044120946183142 0.00585866679289162
"5" NA 0.00263705793515203 0.00279544930398685 -5.14415185480813e-05 0.000523304140861038 0.00260184691947769
"6" NA -0.00728511578674676 -0.00598279982876243 -0.00709123935115429 -0.00596884790498143 -0.00187103084780678
"7" NA 0.00990335451316372 0.0117640455591074 0.00606766548673203 0.00600752093984481 0.00577788286768734
"8" NA 0.00695334196960049 0.00784356953452881 0.00374840844097513 0.00498864763272394 0.00786739582066722
"9" NA 0.00118329641124527 -0.00187334486956076 -0.00359654734693838 -0.00460478201564909 -0.00191367988379674
"10" NA 0.011023236672729 0.0100486069675642 0.00611004070269679 0.00562216792180534 0.00806296738138332
"11" NA -0.0114225502616654 -0.0112398975916826 -0.0091313091511893 -0.00764122419467582 -0.00555832126508008
"1" NA 0.0885992020167802 0.0982896277283595 0.0384493951711098 0.0211401211229919 0.0175850312214611
"2" NA 0.0116768835716321 0.00882704190467001 0.0116637778147284 0.010384670194404 0.0122208646276994
"3" NA 0.00758738436875109 0.00366437720621732 -0.00517959827454076 -0.000571456975486 -0.00534826739531446
"4" NA 0.0109645120971601 0.00953943105578838 0.00933302821765557 0.00774351976770186 0.00842496034967587
"5" NA 0.00901107751134099 0.0104229725326234 0.00490656412644822 0.00508223737559244 0.00469046604591911
"6" NA -0.0151663207534164 -0.0119826759589339 -0.00878310669369881 -0.00534450585285768 -0.00799400058114409
"7" NA 0.0108208290470919 0.00672305413629104 0.00312083757730159 0.00256623184829517 0.000833011989689323
"8" NA 0.010423766520869 0.0107829920291737 0.0118661252993216 0.0113830949186414 0.0107192484138793
"9" NA -0.00239879089712415 -0.000559400418030845 -0.00571452697073291 -0.00527536381878442 -0.0058095917314328
"10" NA 0.00976831759081956 0.0109537930190858 0.0114686541106488 0.00707518709155372 0.00951132258811443
"11" NA -0.00595566070302817 -0.00876384372802348 -0.0111394154713056 -0.0076694322617008 -0.00957099866273983
"1" NA 0.0798372062951257 0.10960475666444 0.0458840847532041 0.0527242168602559 0.0226513471538606
"2" NA 0.00390227393345685 0.00625260820749266 0.00594868160157017 0.00485362615386444 0.00523425723368489
"3" NA -0.00941492885585679 -0.00865058516415376 -0.005445742219777 -0.00484944027528412 -0.00513269223032958
"4" NA 0.006750387340914 0.00749761137361084 0.00253856683220652 0.00476316106711827 0.00342368663052277
"5" NA 0.00112582951008237 0.00139214734854959 0.00260417159194051 0.00206577635854556 0.00164705191307249
"6" NA -0.0190350963136697 -0.0147998196510311 -0.0102196412136959 -0.00901441491283185 -0.00753973037116314
"7" NA 0.0153089397415955 0.0110599831968097 0.00834476067544754 0.00882869757317142 0.00874335409212862
"8" NA 0.00743816263008625 0.00620442682968787 0.00622100233400732 0.00653606362441861 0.00379169307526959
"9" NA -0.00799705507886378 -0.0068397345477279 -0.00676406639658378 -0.0060977655651856 -0.00591894413668371
"10" NA 0.00829163465302118 0.00819768467956707 0.00818710245251995 0.00731276951992371 0.0102456481450825
"11" NA -0.00672140349035868 -0.00684205732503501 -0.00338223104072229 -0.00549224928323223 0.00103110229702647
"1" NA 0.0860108869493221 0.115099072966358 0.0409161085037436 0.0459845881479726 0.044785065175649
"2" NA 0.0121057479554525 0.0145320264813904 0.0125038949235596 0.0112245490085637 0.00981652651064047
"3" NA -0.00558463496539068 -0.0117560270918827 -0.00434442217448712 -0.00469717853434472 -0.00407910366410673
"4" NA 0.00319440665275618 0.0033665886326345 0.00275867739532326 0.00283041914321721 0.00237590204525177
"5" NA 0.0127580544677179 0.0106071158671113 0.00990126256204129 0.00834882451540867 0.0087034901928189
"6" NA -0.00859907330653079 -0.00672571321774653 -0.0104317024583797 -0.00894512877741636 -0.00706523304600555
"7" NA 0.0113251402630709 0.00470524880448668 0.00645302227725746 0.00630137819605069 0.00796752222838748
"8" NA 0.00834648692023386 0.0121244840628884 0.00685399863470471 0.00583914857321495 0.00334155770984524
"9" NA -0.00889945763960574 -0.00930830011074986 -0.00792587110954127 -0.0069856509495978 -0.00555261658255411
"10" NA 0.01392248388827 0.0112682898610958 0.0080575489565621 0.00917490271269085 0.00870702869492367
"11" NA -0.0195183649824239 -0.0169464571139484 -0.00873838146623779 -0.0104394559611945 -0.00759985174528438
"1" NA 0.0806045470182596 0.045291288593251 0.0343878417441 0.0250379103606366 0.0292311901695063
"2" NA 0.0106976326915315 0.0127730357503721 0.0137305240954499 0.0132924863003954 0.00844651336547227
"3" NA -0.00453770749778534 -0.0103256130008158 -0.00559664440166609 -0.00609060761330155 -0.00123568773091207
"4" NA 0.0128238550041983 0.00776018907228153 0.00957106345559778 0.0103734102556076 0.00903225602454158
"5" NA -0.000364230030209372 0.000986371671642292 0.00252625461244804 0.00190230143736419 -0.00029334826266127
"6" NA -0.0123899097777674 -0.00961410035823333 -0.0105951064127865 -0.00772617731830042 -0.00457409325211932
"7" NA 0.00920851738443422 0.00332689347098354 0.00438288525372593 0.00539744957418796 0.00351412022189822
"8" NA 0.0177257011586238 0.0149245852936924 0.0123727253697584 0.0129777062599866 0.0108287015351968
"9" NA -0.0106488747269214 -0.0132366799000383 -0.0101211248994737 -0.0103870263517231 -0.00843952165972136
"10" NA 0.011236740108966 0.00599921574202273 0.00501262114312571 0.00617567127300557 0.00639154477629773
"11" NA -0.0168832536603028 -0.0126197570350441 -0.00900404434494777 -0.00840772724270867 -0.00781202413784035
