"1" NA 0.0135526191525194 0.0165266830889043 -0.0048112697853321 0.00852314021330692 0.00523803720353431 0.0525565086415424 0.0100550063621259 0.00270356723896701 0.00968030233266121 0.0617709484080761 0.0259840160454147 0.00353506274320524 0.0076943050829632 0.0582590160533914 0.0103491844917735
"2" NA 0.293877327217395 0.387436946663425 0.0214746400943866 0.680873181291583 0.0311110769632569 0.036061663280718 0.570237529223694 0.0284414179328618 0.507930333970216 0.0528157245274788 -0.0103050697043185 0.0179678139643979 0.987746687870712 0.0582590160533912 0.508609282120714
"3" NA 0.533210660550728 0.676868227443249 0.119935346109956 0.987737860031549 0.12949222390691 0.303002651063992 0.984417953277041 0.127092943008177 0.989362883908895 -0.00837830532326723 0.872256541607066 0.120376442796144 0.978808244970382 -0.00797684824386164 0.989996535098235
"4" NA 0.563873684107779 0.416939947202589 0.965614645805345 0.727591210386113 0.975804851833996 0.0464402631263119 0.985779230554163 0.973324457495765 -0.0105634139611809 0.0677410976618074 0.987527827134732 0.973934033142174 0.986410096721814 -0.00797684824386193 -0.00993479576754278
"5" NA 0.293295574186076 0.0473853094753323 0.97353919464348 0.0584635388845495 0.984208384470204 0.0608643582258699 0.0560071158996047 0.981484649813475 0.0585301833268149 0.05878587378121 0.0327820630804164 0.984671222740871 0.0815605385483594 0.0647210515945878 0.0593651543435098
"6" NA 0.301962240852743 0.0562986377942974 0.981512262534375 0.0639283897280495 0.990740806480962 0.075366669411676 0.0668766811169964 0.987962996197902 0.0535750867592493 0.0796813961692706 0.0687756347627484 0.988587374014709 0.0749286960859005 0.087338175988771 0.0544201237673115
"7" NA 0.0953323793203058 0.0737319728870338 0.149111731758591 0.0671175128498276 0.157995342356495 0.105480435704579 0.0662024461956988 0.155433834578764 0.0794749843021592 0.103561993184195 0.105326991855252 0.158030364596195 0.0554528169261944 0.0889536848740696 0.0800834705130576
"8" NA 0.0693691844545357 0.073718113182533 0.0544629698345079 0.0674085840005015 0.0635165387337406 0.099849440654915 0.0614803208118811 0.0606576150111845 0.0730836106479318 0.106547067811061 0.0952118046295657 0.0621118896122899 0.0480082111922714 0.0986467381858663 0.0735813709537792
"9" NA 0.0704073286379805 0.0755256143122145 0.0527170712948907 0.0658008669586995 0.0626610444560228 0.106035007665225 0.0560455382031951 0.0600724988651252 0.0907118157761392 0.103561993184195 0.0492347931353128 0.0615604154839332 0.064521972660161 0.105108773727058 0.0912095760819881
"10" NA 0.0550444763896584 0.0610656052747152 0.0347534090139916 0.049723696540692 0.0447637901936461 0.0936638736446057 0.038654233855367 0.0422022824159134 0.0730836106479314 0.096099306617031 0.0492347931353125 0.0434872500530798 0.0388338992656663 0.0938002115299669 0.0735813709537794
"1" NA 0.0133842715482493 0.0217870442325525 -0.00244277372242388 0.0388981422799248 0.00369218009286146 0.0214664716855597 0.00169757574029751 0.0219333417073207 0.0475108090297613 0.0137648118097418 0.00311615188231395 0.00254993692619326 0.0483790332517898 0.0227738530448382 0.0193517409484872
"2" NA 0.300658196945273 0.404514239757733 0.0157061596483981 0.046243875372598 0.0216675554224277 0.695260649125345 0.0196498453939166 0.584608484057519 0.0668848775841585 0.521776206530089 0.0153661317809872 0.0400240674429602 0.0677531018061841 -0.006191277903885 0.991839460372485
"3" NA 0.535546401508442 0.681096465922906 0.132604804896224 0.301699089609065 0.13943399087652 0.988406878610941 0.137531809227738 0.985402916457187 -0.00614045773625855 0.990771271033996 -0.00615320208491457 0.989668015487918 -0.00527223351423214 0.992658586082843 0.986836702411374
"4" NA 0.562393344961196 0.418626773352191 0.976199982303666 0.0417686595656534 0.981467145912634 0.724129935412433 0.979357013180363 0.99032194796924 0.0609236257212673 -0.00864215731408392 0.984124138862951 0.957811862499237 0.0617918499432914 0.501931095596895 0.612703870959926
"5" NA 0.300537328095495 0.0633276082125236 0.977348061390562 0.0731074841501103 0.984090468350211 0.0691350190270437 0.982176733863463 0.0706835325391866 0.0668848775841576 0.0694240020762189 0.981705976740701 0.856894012791383 0.0677531018061849 0.036862950935712 0.056174296962212
"6" NA 0.306571568770123 0.0711140247796069 0.978464677507712 0.0857899986999749 0.98529386348799 0.0730115190666895 0.983391681839213 0.0682902539453433 0.0937105109671684 0.0714487168690392 0.983141710344286 0.778653818993647 0.094578735189195 0.027187729461345 0.0777211643816342
"7" NA 0.102600841986122 0.0878350233523377 0.153600315949148 0.108113018312984 0.159388153681923 0.082270060827132 0.157347337977467 0.0777815685188552 0.119045831384457 0.0824971837786142 0.155291812472483 0.132586403263313 0.119914055606482 0.0847783464795922 0.080203367883411
"8" NA 0.0723561898050964 0.081191196957163 0.0583734531416254 0.108741823049958 0.063987732833143 0.0667576880997706 0.0619238114527403 0.0651137054415195 0.123516770281626 0.0655327519137299 0.0643827215633972 0.0655821645217581 0.124384994503652 0.0646830130846207 0.0657101325371939
"9" NA 0.0669201344478795 0.0757735897336867 0.0528061040408112 0.0932459552813592 0.0586807207942131 0.0691634619570272 0.0566514579277256 0.0727807372049368 0.0937105109671681 0.0671175379676152 0.0598026239419275 0.0485224861397268 0.0945787351891956 0.0911292940763491 0.0588529896800524
"10" NA 0.0639886157971353 0.0726133188533251 0.0505728718065264 0.104609591645 0.0562739305186802 0.0547288188134835 0.0542215619762555 0.054160802922352 0.129478022144511 0.0449305332132574 0.0569311567347803 0.0372865310835455 0.13034624636654 0.0481540874647815 0.0554244182514793
"1" NA 0.0155146323633919 0.00881980202939674 0.0157146198227712 0.0133692200139222 0.0110947345490751 0.047351747733459 0.0242455991849575 0.0134963736917017 0.0572559405945343 0.0107971143728012 0.0258453475940998 0.0123146016008951 0.0135757790464625 0.0189347520088665 0.0586158418682109
"2" NA 0.287754844321382 0.00501392392716687 0.403728135378839 0.669761442553502 0.0173349615486817 0.0364679838767824 -0.0078884096329812 0.670025398828083 0.0557566902197216 0.0170703318447943 -0.00654362874995541 0.0186144747687991 0.989714030505922 -0.00899574263631017 0.0571143403667094
"3" NA 0.539919041481506 0.123110460289464 0.712295182391525 0.985282267674336 0.151008353703313 0.30115799057722 0.991277440308016 0.985443622001316 -0.00871107589722006 0.150677743054658 0.99278447325312 0.152168574586839 0.985438469939999 0.988719504686286 -0.00745022419785529
"4" NA 0.553430064276787 0.848590826883439 0.426978226069812 0.718278145335493 0.975594033943168 0.0235879875334275 -0.00908005257441207 0.718412139143096 0.0377656857219701 0.97521943599801 -0.00750348303127938 0.976674726602269 0.594095540117966 0.990502013610992 0.0375948208471906
"5" NA 0.301705814127167 0.910736374746414 0.0433998611058267 0.0826414505240464 0.982889606343909 0.0617987377471599 0.037504361312219 0.0827891245913463 0.0722484443426596 0.982591986167685 0.039127288587372 0.984109473395786 0.0814456031903297 0.0911477555787499 0.0736308568832256
"6" NA 0.308465602169177 0.918345684121279 0.049908994135242 0.0793240225245227 0.982776253403536 0.0864146401965988 0.0837312823164212 0.0793417341248585 0.0872409480907857 0.982500626875516 0.0854701039216249 0.984035884567534 0.088933082725027 0.0640065011163958 0.0886458718982412
"7" NA 0.10638464835822 0.167361353845783 0.0787247777294681 0.0853425772588826 0.193429398951439 0.0848934101357473 0.0784722906354336 0.0851208843148155 0.0872409480907858 0.193076794654532 0.0799329658485123 0.194549855722755 0.079212370949915 0.102295741299213 0.0886458718982431
"8" NA 0.0646860580748134 0.0331988168245713 0.0762470918705813 0.0644946675015195 0.0327195769332963 0.109252097259163 0.0698688173490972 0.0639856891041683 0.126221457835912 0.032454947229411 0.0710513461700489 0.0339990901534162 0.053184523836817 0.0909437270196774 0.127684910937283
"9" NA 0.0578772398385877 0.0630735798810585 0.054003835836505 0.056520185842827 0.0594159479755185 0.0771609999506753 0.0397684829009363 0.0560112074454757 0.0932379495900358 0.0591953055681352 0.040951011721888 0.0607749894200212 0.0613716583397399 0.048443727019678 0.0946518779042474
"10" NA 0.0494948763110391 0.0416555081085644 0.0511642712364116 0.0341916371984886 0.0521770520449286 0.0854425734496391 0.0598353725330427 0.0336826588011373 0.0962364503396629 0.0518684350445329 0.0610179013539958 0.0533770370406602 0.0379798454742442 0.0284437270196781 0.0976548809072529
"1" NA 0.00632663905442769 0.0112115065742536 0.00306991977719863 0.00654252633912272 0.00487102826529181 0.0387382090031774 0.00337597420912818 0.00461529873033672 0.0481016807801364 0.00170936055151728 0.007774505981284 0.0108942461540925 0.00566541630720457 0.0520775083739347 0.00463537582398625
"2" NA 0.293514249706483 0.414354056511979 0.0197180884786369 0.0272221257726729 0.685408449164322 0.0341117045600125 0.0240234774566673 -0.0154894870815511 0.0510867554070023 0.982232557677333 0.0242415718495467 0.522099265866195 0.617192854057306 0.0550625830008002 0.0492481920497232
"3" NA 0.529259654806587 0.709151557047353 0.117111233776485 0.131061139946314 0.981376948677933 0.299591811751081 0.127894587816313 0.983511636825742 -0.0130923490706103 0.977323508986563 -0.0101441962333394 0.988343045268221 0.982385953069303 -0.00911652147681116 0.987126850250862
"4" NA 0.545107215447826 0.421514003968099 0.840687860390512 0.970950125693218 0.706570817329383 0.027184330612371 0.967703333098186 0.53899452170592 0.0406389942129722 0.584470040517425 0.97484037424477 -0.0109991300978932 0.98723734356066 0.0446148218067704 0.944029380056755
"5" NA 0.291063648307678 0.0306648259601959 0.906446768366803 0.984419106199367 0.0573524232837294 0.0652330391815075 0.981027880767332 0.0542868591605596 0.0630270539144643 0.0561953493957146 0.984276106589558 0.0570299742702764 0.0336514340955647 0.0670028815082625 0.766419974060265
"6" NA 0.300107215447823 0.0386727741898924 0.91680744008464 0.979725335015308 0.0814522123478196 0.0679282731098543 0.976526686699285 0.0608717220393749 0.0824300389890912 0.0739987492252354 0.979240652925477 0.0517209868456857 0.0440782414005894 0.086405866582889 0.849753307393597
"7" NA 0.100723598296861 0.0833465056414857 0.151081905653747 0.163063665811847 0.0827966083390448 0.101278353290674 0.159624296100769 0.0758085051574813 0.0988479494368527 0.0880171211652456 0.156431795212306 0.0963535138789459 0.0844099893286861 0.102823777030651 0.139989170532831
"8" NA 0.063899454763319 0.0687985908294192 0.0639273197673163 0.0595954453073002 0.0584097147797887 0.0990338215610342 0.0563326046192707 0.0626387793998524 0.104818098690584 0.0554195074762098 0.0617574608334827 0.065204998559535 0.0628323483963233 0.108793926284382 0.0450396107445096
"9" NA 0.0609363052259818 0.0683221734878281 0.0552022952373679 0.0545308804541113 0.0544097147797893 0.0990338215610331 0.0512519916730795 0.058200909577368 0.109295710630883 0.0497052217619214 0.0588088184990946 0.0621042233657378 0.0520796602242805 0.11327153822468 0.0505951663000645
"10" NA 0.0551205575392939 0.059746661339186 0.0559722891247986 0.0574493912331064 0.0424097147797892 0.0938844909740107 0.0540902619870469 0.0493251699323927 0.112280785257749 0.0314195074762102 0.0590356667074234 0.0497011225905432 0.035353256401101 0.116256612851546 0.0617062774111757
"1" NA 0.0268133682258159 0.0119140483210758 0.0355389721335971 0.0735343924240919 0.0167875927497448 0.0164197670366448 0.0356618732925186 0.0888960231487722 0.0181374711636544 0.0150329849678604 0.0217133098768133 0.0208425019761657 0.0917451275522931 0.0236402713774164 0.0460280942538208
"2" NA 0.308297700205192 0.031144621382538 0.409684669293296 0.0489668692920021 0.036691797986285 0.713433631825595 0.541579033055833 0.0728376289881888 0.038195804469866 0.595574376166889 0.00157829601259506 0.041014912123329 0.0780673160021402 1.00042318392121 0.00260259864362666
"3" NA 0.53359328387702 0.125063586018826 0.681370196294765 0.310375557407296 0.129041485649345 0.994373029709623 0.997594475125952 0.00276463628746139 0.130468428098092 0.996419151263245 0.929134687099289 0.128680606129761 0.00511898773466243 0.99878581455461 0.99983385349261
"4" NA 0.544957953251595 0.98099229104396 0.39437458300873 0.037739742517954 0.986541598814272 0.696051975378191 -0.00170792867314151 0.0582390888422057 0.988122669332689 0.998080330395881 1.00048200602871 0.995831194317732 0.0218363129626249 0.583947182461034 -3.27914556842997e-06
"5" NA 0.301360372287689 0.993690198186835 0.0601910365108884 0.0697870558965493 0.998699395177269 0.0654393748797816 0.0720306231513311 0.0742974830027919 1.0001006496144 0.0639136767273358 0.0745700499178459 1.00271659584698 0.0795870728410449 0.0672549388458261 0.0795431906036284
"6" NA 0.318995702913105 0.98634628342541 0.0867257157524872 0.0908408936723709 0.993658080265646 0.0945199921333973 0.104025840176611 0.0888960231487771 0.99539327885374 0.0924686067527903 0.0940724354588543 0.998074269611748 0.0947846412301034 0.0989575750600149 0.114361225848029
"7" NA 0.112902426849442 0.19054158685549 0.0896495550108953 0.0942384990706736 0.194444261226936 0.0946746906929199 0.0947493733866419 0.0947354392071687 0.195819827652456 0.0978033987862919 0.0953057616907361 0.198154870248338 0.0963043980690104 0.100987395252036 0.101644132189953
"8" NA 0.0728525820074775 0.0536172752999553 0.0841418441785943 0.10502808911934 0.0593389322531002 0.0729361394491697 0.0740327273650211 0.116633249426147 0.0609456907831297 0.0771004039416829 0.0724825757835073 0.0638890638752516 0.122140264330408 0.0772928356818203 0.0841034767347155
"9" NA 0.0782236650023211 0.0627292003670736 0.0882013840974135 0.122130704813509 0.0683830310393378 0.0664001917367504 0.0562812480750808 0.153129599791109 0.0699641015577541 0.0724329593675866 0.0751707478265185 0.0729520169398425 0.160134185303053 0.0670539278319816 0.0585443713034043
"10" NA 0.0642550010435678 0.0409193681570746 0.0769248843229408 0.109052233988557 0.0471811358901032 0.0565962701681224 0.076991307246678 0.12247266548454 0.0489677105014158 0.0514294587841551 0.0429126833103893 0.0518622741711929 0.129739048524933 0.0659162714042297 0.0841034767347146
"1" NA 0.0215265207204058 0.0195672216506707 0.00355183629387881 0.00221946554639751 0.0481248618112965 0.00461293033068546 0.0619168643455206 0.0203318237593176 0.00700853195286366 0.00970643634954345 0.0156838786681891 0.0609939004674743 0.00824540802402884 0.020302817539033 0.00363353560883688
"2" NA 0.308943646209124 0.397970224942379 0.0352238637256592 0.696107017057892 0.0219862941233841 0.0345721463398412 0.041083531012187 0.532702059732894 0.587023409699742 0.0395436342177 -0.0066149225588497 0.0401295189473547 0.024232239063752 0.532647653990098 0.990832123760029
"3" NA 0.544664048169382 0.682140685088309 0.134586921050498 0.984084519208692 0.300266155595792 0.134165689144086 -0.00355932613066925 0.993727435028833 0.988368701179564 0.139116840665114 0.988868962084135 -0.00457987002432879 0.126690356592494 0.993444433583411 0.984544831666375
"4" NA 0.56461031287579 0.410741111553958 0.976258877936318 0.703799430972447 0.0400864095630496 0.978242203588473 0.067869245297902 -0.00647315961771045 0.991365372397213 0.983254364180016 0.99149649422199 0.0654648393646431 0.982654950550558 -0.00670536201807963 0.991641516568235
"5" NA 0.306827525621047 0.0592371268381253 0.982819458036425 0.0716397140973283 0.0498723917120435 0.982898709287764 0.0574525786312351 0.0595070431099214 0.0802236408042622 0.98774817902464 0.0660821295811097 0.0565229615703061 0.986983750502204 0.0596558335472087 0.109954899313129
"6" NA 0.33160393444579 0.0939295178833328 0.978806648636953 0.104355629743251 0.0880219159492127 0.979517713792569 0.0931668643455218 0.116786278466169 0.0989153792864787 0.984529874384105 0.101454136585581 0.0922904727476533 0.985182368470108 0.117189064128574 0.115389828657335
"7" NA 0.112227351107974 0.0804816803850435 0.181362442848743 0.0736473628246367 0.0916694608175896 0.180499044034547 0.108047816726473 0.0742844148419887 0.0785251727340217 0.185368850128243 0.0711378401435964 0.107193602404882 0.187697696919166 0.0737982172165078 0.0805359318877164
"8" NA 0.0848293609092583 0.0859840939815259 0.0628911052691229 0.0836935967609492 0.0871111922061766 0.0631521052590339 0.102095435774093 0.0734234712913615 0.0917886569645419 0.0680219113527258 0.0838063495169221 0.10123235054199 0.0672313756756453 0.0723784841706493 0.0948661968187021
"9" NA 0.0740078667918219 0.0701827395797191 0.0659802419706585 0.0547546900085367 0.0881399987905403 0.0665636483277594 0.111024007202664 0.0565523056471875 0.0581563699690274 0.0715147998487908 0.0617069020031095 0.110174228336327 0.0708643634160867 0.0555073185264833 0.0543505430433807
"10" NA 0.0570465736545146 0.0588960578641454 0.0330423526997331 0.0435006707159331 0.0768231263625559 0.033504129907518 0.0991192452979024 0.0488835939907467 0.0447034551708197 0.0384349450717091 0.0368450235500704 0.0982517246105453 0.0385441993825292 0.0478386068700357 0.0469840605387768
"1" NA 0.0178152099719777 0.00598862988438032 0.0196994617347305 0.00435666833253332 0.00567807390887361 0.0371243444831212 0.0539301197482643 0.00479039534746313 -0.00148005910097879 0.0112929229115259 -0.00216009332955716 0.0151245171001272 0.0549412011624014 0.00626896975304151 0.00670877138631317
"2" NA 0.296551060345486 0.0159704760503906 0.392961108937635 0.0151306620101519 0.691336915361824 0.0224328267013524 0.0377298251974532 0.0157869989704451 0.512953926892163 0.578679609378743 0.988389502271947 0.989004356570451 0.0372420861181536 0.007183668062009 -0.00934577224204685
"3" NA 0.543400117701777 0.147428847187357 0.680385994857229 0.146148951196224 0.984363858845736 0.303528155509922 -0.00939830440490218 0.146681615964648 0.988182072002044 0.984684030150021 0.987094800024549 0.985421769129879 -0.0084806277461529 0.139347631125951 0.98925168392308
"4" NA 0.55754477273047 0.981570729022981 0.405877748993525 0.980642898592567 0.706088838503996 0.0337654719029988 0.0554028737983371 0.981274501114488 -0.011887758798722 0.986943917155671 -0.0100066492508133 0.989249544440021 0.0564161274160896 0.9826462148792 0.527045001338575
"5" NA 0.302003888276614 0.979866488124094 0.0611912961523738 0.978498575742785 0.05844108287652 0.0640685022060261 0.0642393980987811 0.979006506072837 0.0422361036532868 0.0742667384956082 0.0236438311079639 0.0875457631558594 0.0652656849382131 0.980227320647295 0.0734768287720936
"6" NA 0.31677747431105 0.984221664455442 0.0795760739151787 0.982589702903598 0.0734773284689402 0.0872351115283909 0.0922217250501782 0.983023429918527 0.0782488478205366 0.0731367949927836 0.0808600933761336 0.0974523347518693 0.0932892837582712 0.984234624746981 0.0700697883453977
"7" NA 0.104582498420554 0.163731542266501 0.0818387556284356 0.162627679055725 0.0707656340876868 0.092548472218747 0.0922217250501758 0.163209812700899 0.0907514715409321 0.0650792179480343 0.0887327634430143 0.0604005209982938 0.0932892837582746 0.166388192485517 0.0840714718014278
"8" NA 0.0761107877026925 0.0349241065619964 0.0893029487703932 0.0335561941806844 0.0723340268369928 0.102887945598976 0.1246223141518 0.0340641245107362 0.0714723497620569 0.0668364291715547 0.0868719970271796 0.0615651633787421 0.125737661339396 0.0358547462617847 0.0663993402253457
"9" NA 0.0803686497141707 0.0601896697589393 0.0861483746379044 0.0589977901579844 0.0641973303357728 0.105918248629282 0.123149560101724 0.0595551893647843 0.0760525024338104 0.0566669376461306 0.0839734463025407 0.0577986850359931 0.124262735085708 0.0603500924721725 0.0634275720232628
"10" NA 0.0664755690819398 0.037394810053991 0.0753326918979398 0.0367310287941093 0.0438555890827213 0.106928349639377 0.134931592502316 0.037436834631151 0.0531517390750335 0.0374578980981082 0.0607850405054403 0.0370830541508719 0.136062145115204 0.0393988736647851 0.042625194608705
"1" NA 0.00908569667152327 -0.00202443412796819 0.00935010872223408 -6.25631541343868e-05 0.0303260507480344 -0.00200481846385182 -0.00131044701200274 0.0018100390418396 0.00224344793918393 0.0440070295108273 0.045642867715843 0.000589385841173538 -0.000632202519554762 0.00369835830921568 0.00773261776874724
"2" NA 0.293187607787473 0.0197861122880672 0.386112202288989 0.0209522691106146 0.0280921622650344 0.664017015444195 0.528934839460254 0.0226563691741164 0.551126222207729 0.0469568820182012 0.0485927202232176 0.5309136514214 -0.0104855180163802 0.0169226169342382 0.988978263725333
"3" NA 0.540126037430008 0.142697324958349 0.676918895370854 0.142620469805855 0.281016422065479 0.983916537567435 0.987489244634883 0.14426840249186 0.985864501251623 -0.0105652418756026 -0.00892940367058802 0.989367537731334 0.989225510720293 0.14203517049653 0.98300944157372
"4" NA 0.564344718874388 0.966505858696159 0.418553493293162 0.968152952119082 0.0330495703489242 0.718712793988248 -0.0129462967265042 0.969969386937603 0.986728981653161 0.0543315132866388 0.0559673514916544 -0.0110105642787942 0.98843083974616 0.97159441702615 0.988978263725338
"5" NA 0.293650452222239 0.979736023806332 0.0476551796091295 0.981125500640444 0.0526404968160369 0.0497793889635563 0.039808491792331 0.982885768081425 0.0545907461351716 0.0631810708087622 0.064816909013777 0.0418519230236453 0.0443940239665475 0.984631086380694 0.0763200357457834
"6" NA 0.312854274454139 0.972226112900079 0.0763420081170608 0.974793246993204 0.0776404968160365 0.0801775513160677 0.101823459501681 0.976534791975092 0.0751172215844952 0.0705557020771988 0.0721915402822138 0.103823811219553 0.0879031513202001 0.980765106999253 0.0753064146385332
"7" NA 0.104722644913234 0.174625805162687 0.0768412087400958 0.174528171023383 0.0854841990314787 0.0729653938563924 0.0769382869311128 0.17619482616856 0.0708311146901462 0.0956294483898815 0.0972652865948983 0.0787950402708475 0.0697136194590031 0.179368786663055 0.0738508374814937
"8" NA 0.0753595931549436 0.0611133399780456 0.0776644682546526 0.0620578099593116 0.0870779012469199 0.0691626687396042 0.0604966534984648 0.063705742645316 0.0708740121247987 0.104479005912011 0.106114844117022 0.0621667289466217 0.0856133563496172 0.0660042426614797 0.0615072616394793
"9" NA 0.0659583190776439 0.0429275423779979 0.0713496283809498 0.0440317801693019 0.0985362345802533 0.0492898547491446 0.0637434067452176 0.0457171577736372 0.0481467393975272 0.111853637180444 0.11348947538546 0.0654134821933753 0.0682436293024704 0.0478879698398845 0.0349417967438427
"10" NA 0.0622237116670103 0.0553930857741237 0.0618773685703943 0.0566962874636907 0.106869567913587 0.0262373905202105 0.0491330171348279 0.0584191099863566 0.0265017177525077 0.123653047209945 0.125288885414961 0.0508030925829857 0.0359855647863431 0.0594108722760173 0.0235565975028547
"1" NA 0.0146530023254834 0.00218234079113083 0.0139681080886105 0.0244031455246559 0.00597823009198388 0.0114227268499555 0.00629700012955401 0.0384194063731167 0.0104307372408969 0.0133852916887153 0.00342057698539162 0.0363566552874038 0.0150665056999012 0.00454781865768009 0.00426819019681832
"2" NA 0.291931519359981 0.0125049214362919 0.384297609526098 0.295579956017685 0.0163141474046457 0.514933072042224 0.0166329174422175 0.0669479349016453 0.505746063232787 0.543895763051795 -0.0126753170209269 0.0648851838159323 0.985980133229115 -0.0130643398323333 0.0146041075094792
"3" NA 0.545638189365696 0.140585753018493 0.681612346133915 0.506351658776055 0.143688632613253 0.93029886529023 0.144243108510197 -0.00812714017342971 0.989566664685415 0.981763709214532 0.986762132558944 -0.0101898912591423 0.980034830018626 0.985926233757547 0.14222126903399
"4" NA 0.558533745477758 0.975583033776292 0.408132988673618 -0.0100631794868457 0.979605945274753 0.985470237063323 0.980160421171694 0.0624434303971399 -0.010850993702551 0.987472406179041 -0.0142223306762809 0.0603806793114286 0.580830526066237 0.985701916777525 0.978138581695485
"5" NA 0.298981146949082 0.977190498517714 0.0578798550192051 0.06538215134838 0.98111093155306 0.0593649704877942 0.981571125106265 0.0669479349016456 0.0592636343823866 0.0642530930059432 0.033784076132613 0.0648851838159326 0.0665540663231492 0.0670478186576785 0.979546497447404
"6" NA 0.315518932517967 0.98106146625965 0.0784814331465969 0.0837041497029906 0.9862788902094 0.0837621374748234 0.986739083762631 0.066947934901645 0.0958198373659393 0.0908567866486543 0.0859505113425118 0.0648851838159316 0.103590446199367 0.0678654413074837 0.984714456103774
"7" NA 0.11127447694337 0.162816625112674 0.0885997734283254 0.0995822038951871 0.165318952002627 0.0848822454396611 0.16544915735269 0.117998985952697 0.0811022431764613 0.0854662983896669 0.10401533181928 0.115936234866982 0.0652583150841402 0.0974964526177311 0.163414771054725
"8" NA 0.0744477969205172 0.0523463503559064 0.0780212247640755 0.0905696086576929 0.0562593286840888 0.0678539407050015 0.0566252398935406 0.116497484451194 0.0650087169344852 0.064532180462776 0.0710795868539433 0.114434733365482 0.0569573077360285 0.0673517809080051 0.0545978240521067
"9" NA 0.058288536733745 0.0479779154352556 0.0577965056629496 0.060858897164339 0.0516238615633448 0.0604621772414318 0.0517540669134135 0.0804614484151596 0.0392511411769139 0.0600877360183353 0.0460012169479875 0.0783986973294457 0.0522010651676519 0.0448517809080055 0.0497196806154487
"10" NA 0.0581144635871835 0.0536366729365516 0.0555493146517159 0.0725868095959242 0.0575513183481766 0.039342853059806 0.0579172295576267 0.102983970937681 0.0392511411769147 0.0378655137961124 0.0428664207097438 0.100921219851969 0.034365155536263 0.0348517809080036 0.0558898137161892
"1" NA 0.0158687039884463 -0.00218491242989719 0.0138752092639476 0.000497989854040512 0.00120449701247224 0.0396406356812023 0.0518934011621711 0.00330591709443233 0.00639005435509484 0.00903848439337542 0.000698340256993466 0.00916126338905851 0.0493513586200093 0.000162001918299058 0.00347210605241218
"2" NA 0.295724538301226 0.0330108362041829 0.378417751107005 0.0362879796671816 0.657972622127921 0.0321702693714474 0.0563710131024702 0.0391729512359684 -0.012457087140694 0.986074814925194 0.030183999129383 0.508395242746174 0.0538289705603079 0.348310150066446 0.541988499874902
"3" NA 0.539743960549387 0.119915423967365 0.677392136153899 0.122202165465262 0.98030816717939 0.300338130169809 -0.0107931660020089 0.124958729820058 0.987263675395006 0.982132854617897 -0.014271719623248 0.984926543285821 -0.0133352085441721 0.982908399538289 0.979560130721488
"4" NA 0.559192326197699 0.972138621281818 0.407173959886415 0.97472248336925 0.710293123221109 0.0301741158205493 0.0533859384756012 0.977517569888246 0.556576945346179 0.582275632168528 0.976519014004566 -0.0142485114064561 0.0508438959334398 0.959983446128012 0.984298941136111
"5" NA 0.306369730232209 0.976831225240931 0.0647372344017976 0.978919886345807 0.0683387852892399 0.0714263044277145 0.0772665354905277 0.981650769257807 0.0706332831457511 0.0711008261481424 0.97824325043663 0.0629995212377595 0.0747244929483659 0.672500019615243 -0.0149908118342503
"6" NA 0.311285883776994 0.974247245912766 0.0723793371614417 0.97633590701764 0.0791454945027879 0.0743950700760831 0.0802516101173981 0.979066789929638 0.0794952103537041 0.0805907431113701 0.975419661293629 0.0728466134076306 0.0777095675752319 0.701708010532035 -0.01504154376494
"7" NA 0.102125849503121 0.15543782658819 0.0760707033054504 0.158120728872126 0.0650449205052108 0.0957316981959545 0.111594893699485 0.160928656112522 0.0599652244982107 0.0752682424844762 0.162204564130549 0.0560397376449226 0.10905285115732 0.0915807230842113 0.0745635124813064
"8" NA 0.0751744051235223 0.0436880337864861 0.0794162422705863 0.0459747752843853 0.0681600552284387 0.0953702383699867 0.0981620578785873 0.0487313396391828 0.0853160240564678 0.0680982096230415 0.0515397362387969 0.0885098302221427 0.0956200153364244 0.0254762413679929 0.0691473187699253
"9" NA 0.0691120334039923 0.0472373487919899 0.0699822800064309 0.0497221706829095 0.0585523690795236 0.086158365289127 0.108609819072619 0.052504416480501 0.0628756313495934 0.0538633341782023 0.0498154998067277 0.0496899544457442 0.106067776530455 0.0479795560654406 0.0624628267913169
"10" NA 0.0634453667373259 0.0433613797997415 0.0636929718303345 0.0458462016906598 0.0417389183189134 0.0933231554631283 0.122042654893513 0.0486284474882554 0.039032714098542 0.0467458964557841 0.0456653275087254 0.0450315693525778 0.11950061235135 0.0434325749360619 0.0370617572725971
"1" NA 0.0163952526579772 0.00528545796672491 0.020306791419649 0.0116750702163434 0.0483729321468942 0.0115858394455956 0.0496514511785953 0.00825746605807301 0.0141630360262012 0.0123844613202861 0.00798111825194802 0.0664851780647122 0.00927216363612844 0.0118378275241776 0.00713897085006488
"2" NA 0.300963722237461 0.00735743480154259 0.404992983573554 0.0157528850151129 0.0367381676977302 0.709460729313816 0.0380468856655264 0.0191270312754652 0.747020102066423 0.0186258825652303 -0.00939840989538851 0.056006136148544 0.0145409481478735 0.990170734082326 -0.0094735803560854
"3" NA 0.536539791432336 0.138340102757084 0.677798080084457 0.14474332904762 0.308363842934119 0.984192807116244 0.309663501221088 0.991067096653846 0.985399902822989 -0.00725244539969463 0.990739738941608 -0.00836512133648644 0.136995706490115 0.98041457481083 0.990756081086306
"4" NA 0.552684330206694 0.972533737336102 0.4034486975777 0.977952527225049 0.0346889873698612 0.708536609539601 0.0359977053376585 0.943217279069353 0.69754644000839 0.985740142217631 0.990394366849128 0.0530121241724954 0.984034845060688 0.597125646359759 -0.00947358035608463
"5" NA 0.302505221165664 0.97294570072146 0.0641016845261802 0.978499674225284 0.0837600334449482 0.0629055415784327 0.0850778110935741 0.796300944318945 0.0452891366987236 0.977657282953902 0.0591526608350141 0.0889402678850705 0.977149159175536 0.0634230716896111 0.0858381594754116
"6" NA 0.310684330206691 0.972945700721459 0.0753891658609582 0.978499674225284 0.0874576941902107 0.0791406470049309 0.0888086906685396 0.861872744254553 0.05197945677201 0.977755050852181 0.0942570892221673 0.0949282918371672 0.977179898175077 0.0718744183679581 0.0849195137058544
"7" NA 0.108581961314395 0.158090499059211 0.0914471612678231 0.164004452209032 0.111861095046237 0.0864760760560261 0.113142633971548 0.11258156151706 0.0894159074404842 0.169805750675613 0.0885790372038821 0.123371405609622 0.164003621436645 0.0839207010610518 0.0803873784933786
"8" NA 0.0713717098169691 0.0560427578411594 0.0778368129059807 0.0636604090358381 0.105053236544586 0.0635274016797842 0.106304576533804 0.0808588874430273 0.0659716255372201 0.0585190352955048 0.0555468413716221 0.117383381657525 0.0616403531562436 0.064327173404432 0.0747834898830828
"9" NA 0.0687050431503022 0.0649486102584623 0.0710617451553067 0.0712746222338066 0.0948073349052399 0.0602911557250905 0.0960586748944559 0.0640229266700576 0.0634140807801842 0.0706596901414208 0.075661783900357 0.105407333753335 0.0705917598058595 0.0519397860170422 0.0652293497556953
"10" NA 0.0533447391656865 0.0419145615323879 0.0584149520207116 0.0496559001395963 0.0948073349052376 0.0368283725535704 0.0960586748944509 0.0529761571370367 0.0395436630478759 0.0466716841444212 0.0411790252796656 0.115886375669501 0.0475431179930212 0.0327956418728997 0.0461210695009178
"1" NA 0.0169878687503104 0.0120128967584797 0.0183946925333898 0.00996024690569488 0.0151163833240545 0.0401278846528723 0.0516402670255543 0.0136885411035227 0.0163790774385281 0.0112421919320562 0.0117798484977943 0.0163342018198324 0.00292367015570596 0.0181195229771675 0.0522147723764749
"2" NA 0.295131554377557 0.0283211880283249 0.389376281408936 0.663905713596553 0.0321408839755621 0.035939402977477 0.0560781368480406 0.537451757941951 0.0332876093002219 0.551709070185526 0.551587549621026 0.580981281747689 0.0332734401841915 0.0307106913191201 0.0566526421989608
"3" NA 0.539172039726202 0.147384006527943 0.677475829824471 0.985141569146051 0.150225562307372 0.282551294060991 -0.0075313306075807 0.986295345132381 0.151468928290212 0.989084513631562 0.98957813046875 0.986998055027585 0.987871837286976 -0.00952484254360818 -0.00695682525665991
"4" NA 0.554952860131864 0.970528457680627 0.407480567824225 0.700941014356937 0.974042724715619 0.0307038008832398 0.0486816871438964 0.987858133210705 0.975382731356634 -0.0107013817356597 -0.0101981734802286 0.988879056040137 0.960734580080569 0.97954811716358 0.0492561924948199
"5" NA 0.31154220725471 0.973747590636029 0.0769622468454645 0.0818224290621644 0.976899822814496 0.0797277626573596 0.0812260658421225 0.0793229459378332 0.978162516928975 0.0882588044018279 0.0873567627591805 0.045326415505046 0.832431422779207 0.976797345906238 0.081800571193044
"6" NA 0.308061537140665 0.981734708134144 0.0693874723167822 0.0750650036774335 0.983423913265215 0.07255511655612 0.0753089060788089 0.0700920844268112 0.98464795111642 0.0836252757341144 0.0826511729765769 0.041109885937671 0.808001312774049 0.984468315705887 0.0758834114297307
"7" NA 0.110674939421565 0.182991978995824 0.0854932053426095 0.0720147545497322 0.1851617897129 0.10850854173091 0.0901018054870929 0.0705488219137379 0.186269858774289 0.113339876829065 0.114114939870146 0.0703263259436777 0.1403458432637 0.189924231378638 0.090676310838014
"8" NA 0.0736658115379043 0.0611503970608255 0.0789122274110863 0.0747355641340366 0.0638333540344008 0.0860439862514862 0.0945396753095784 0.0710055594006652 0.0650187356223336 0.0785743478859362 0.0793503657838257 0.070834631978401 0.0520168374182718 0.071238826733752 0.0951141806604999
"9" NA 0.0580359790664155 0.0358072211160039 0.0667281118876106 0.0548942942927658 0.0397068642279109 0.0829026249949409 0.097498255191235 0.0532475127857948 0.0408729176842063 0.0566307742182257 0.0573723438058054 0.0564805649927561 0.036472795967496 0.0409158755607544 0.0980727605421579
"10" NA 0.0562956440093931 0.0329221444342186 0.0653743212738946 0.0374339768324493 0.0357305444778325 0.103845033371906 0.128563343948635 0.0332697103440613 0.0369352541974007 0.0487937836226203 0.0495230502422256 0.0361456367630928 0.0261101016669772 0.0377319906727072 0.12913784929956
