"1" NA 0.0885567449665087 0.137402215067889 0.0672418502286954 0.0459901290802666 0.0428495397733008
"2" NA 0.00593468693265369 0.00755316821052822 0.00811688348311169 0.00788406966982582 0.00648740275203947
"3" NA -0.00343879634875461 -0.0058736883418088 -0.00737224608382519 -0.00571099586184694 -0.00551425458873938
"4" NA 0.0111119476890765 0.00937678257377276 0.00809308644896778 0.00606212374644289 0.00471188452749235
"5" NA -4.18166429474594e-05 0.0021113279477554 0.000572022266897182 0.00114126893824272 0.00218288699189041
"6" NA -0.00672799512373214 -0.00793892096391637 -0.00553057555641854 -0.00415729240300395 -0.00418439406046906
"7" NA 0.0128165330751563 0.0112987062103497 0.00947129967663326 0.00982418690172244 0.0090589427536766
"8" NA 0.00771751354271031 0.00829837517711841 0.00400123374692707 0.00555752755838887 0.00653117164733876
"9" NA -0.00318442662322896 -0.00265818480768785 -0.00459282447638197 -0.00372327826322745 -0.00567639770627108
"10" NA 0.0066068679938691 0.00921058753201587 0.00283398616599782 0.00423563971216523 0.00621515921259968
"11" NA -0.00521114694484818 -0.00496812204406824 -0.00495262160789449 -0.00409650070563543 -0.00386373607523327
"1" NA 0.10272202388399 0.12345634804556 0.0553348168537455 0.0462658390449264 0.0366227520017562
"2" NA 0.00268306858815419 0.00526113700233744 0.00721257121552366 0.00848498159021365 0.00692773337987045
"3" NA -0.00310433024100356 -0.0059834681523069 -0.00778134217055928 -0.0054928124205589 -0.00513430278736851
"4" NA 0.00968883284586839 0.00807651816406368 0.00629786383878903 0.00725630980862232 0.00541470086277781
"5" NA 0.015303468312533 0.0114348632435032 0.00787461781867077 0.00847291498404346 0.00789167832473424
"6" NA -0.0080182495809704 -0.00669965523047064 -0.010632492012821 -0.0104487701192309 -0.00935199305966456
"7" NA 0.00247470621497574 0.00719892051541318 0.00707930986150229 0.00663574319117506 0.00523260629341293
"8" NA 0.00204691104983705 0.00159373508451624 0.00462682860287619 0.00394370859356002 0.00504399161379959
"9" NA -0.00125594670670529 -0.00284184556827592 -0.00452477940304229 -0.0052331575844883 -0.00239911016097127
"10" NA 0.0122370820638966 0.00971265806851318 0.00664021309802974 0.00711719707123048 0.0057299688630427
"11" NA -0.0109605960128314 -0.0125137575567769 -0.00951622538054669 -0.00913978602508366 -0.00937671431850409
"1" NA 0.106613677169099 0.125271292225437 0.0442076467682345 0.0356301239487556 0.0286996430116006
"2" NA -0.00318843239392148 0.00110804266035379 0.00239011904776379 0.00209281883533963 0.00227974360013042
"3" NA -0.00153896542222954 -0.00326506395914929 -0.000392020320643526 2.84831960537977e-05 -0.000542873472272338
"4" NA -0.0116455789595483 -0.00774261016624137 -0.00735135232357846 -0.00758538619861129 -0.0075586813368414
"5" NA 0.00747135375266867 0.00646824199872269 0.00805494777047625 0.00831073200190733 0.00813230494609638
"6" NA 0.00086757668886167 -0.000757708877414285 -0.00835257419211931 -0.00863065118557158 -0.00832704385306893
"7" NA 0.00897759801927024 0.0109769951663614 0.00601396870075056 0.006680963794857 0.00596214137800391
"8" NA 0.0122321804987389 0.00935973592936266 0.00496008545568528 0.00495785187736216 0.00472247725109809
"9" NA -0.00929983238289646 -0.00687153366495398 -0.0049137382920554 -0.00603765419055609 -0.0061964457500909
"10" NA 0.0128967137869975 0.00901285199802278 0.00721105442832908 0.00842912759400683 0.00738314743463396
"11" NA 0.0102087659424921 0.0107248855976965 0.00849061378922655 0.0089268260630836 0.00876429113345406
"1" NA 0.110551387987479 0.138752898515952 0.0547039793679931 0.0422025149169506 0.0303069206326613
"2" NA 0.0110410096293173 0.00797152344862432 0.00628384072462519 0.00894923092107638 0.0080947251853778
"3" NA -0.00647913243839414 -0.00750667849267306 -0.00656055064390537 -0.00716982250042164 -0.0071550968293175
"4" NA 0.00788686556714125 0.00607459213317813 0.00325562131099359 0.0052260680330392 0.00346683003792648
"5" NA 0.0164524301369202 0.0152130418165381 0.00919644275560036 0.00868777875153171 0.0106584932041679
"6" NA -0.0100014028063695 -0.0113995293196659 -0.00771173819558732 -0.00726351199731203 -0.00944129966572467
"7" NA 0.00257042618060357 0.00573469300727371 0.00664358114809926 0.00827224174010499 0.00706319643965844
"8" NA 0.0109993164174004 0.00966842884826188 0.00926760103144365 0.0105222575172577 0.0075938842300443
"9" NA -0.00214903388116253 -0.00182201775302134 -0.00211014942454942 -0.00158280299310563 -0.0017071660912803
"10" NA 0.0098479340353098 0.0109834706031447 0.00823624026877023 0.00738714310329541 0.00818719589133643
"11" NA -0.00666050311507881 -0.00867716460087474 -0.00775661281140089 -0.00707180116294524 -0.00867214877992303
"1" NA 0.113248984532562 0.134637327553735 0.0724852508376689 0.0523972257570625 0.0509774842510928
"2" NA 0.0126095086107407 0.0129188484559225 0.0109162769099746 0.0112512942824196 0.00893275761862727
"3" NA -0.0146102726066434 -0.0128091240221835 -0.0111392695565321 -0.0117855899637716 -0.0125827306208309
"4" NA 0.0151263775810442 0.0115891001943982 0.0064232341605095 0.00864239385979646 0.00501546455662117
"5" NA 0.00207513054032706 0.00522942500899788 0.00607124930352495 0.00394106089247478 0.00552785421573668
"6" NA -0.00741146990309937 -0.00912975086158027 -0.00912265552189422 -0.0099688162387349 -0.00857756582382518
"7" NA 0.0051585566122211 0.00278461772158055 0.000491260256944293 -0.000409017010460552 0.000751710612193256
"8" NA 0.00434937147003849 0.00199280596177157 0.0011165250414248 0.00144361996885272 0.000815043633664951
"9" NA -0.000209952358801362 -0.00470327401275444 -0.00789005521829777 -0.00875739338457535 -0.00856243276769752
"10" NA 0.00409906900437863 0.0058116580397666 0.00816670643824742 0.00696626349597032 0.00723326738347803
"11" NA -0.00984182285076414 -0.00936193281266971 -0.00744791161809755 -0.00584411055923868 -0.00815575524898123
"1" NA 0.116120588077049 0.143756922324171 0.0813375585295714 0.0653938547722994 0.048833366095336
"2" NA 0.00411890277237257 0.00489967534704058 0.00656496510751806 0.00829119958746988 0.00673886874479003
"3" NA -0.00688992438005265 -0.00916372826678999 -0.00549809901011377 -0.00595505409215201 -0.00649105726533518
"4" NA 0.0035528592788326 0.006929790380968 0.00454216670529299 0.00306836772410862 0.00488599906549133
"5" NA 0.00632810467094051 0.00969422572502576 0.00684638140344011 0.0055587810313041 0.00452829488999958
"6" NA -0.0109026756558563 -0.0105433350955767 -0.00590418754217419 -0.00939346825275177 -0.00989342812210347
"7" NA 0.00632090201511727 0.00495336979772553 0.00701466685168427 0.00575169018088742 0.00762840380934461
"8" NA 0.0105251923308881 0.00638768362857245 0.00779598723859571 0.00640517045401809 0.00759654858530894
"9" NA -0.00606285429901371 -0.00685650332353196 -0.00554472166719691 -0.00955429365543018 -0.00917832738291204
"10" NA 0.00544661891111218 0.0110722917912721 0.00645997849304568 0.00960195992185754 0.00904356247806223
"11" NA -0.00797348528462764 -0.00351623291285762 -0.0063936315924187 -0.00664824965520617 -0.00566088708015129
"1" NA 0.113206982782334 0.133797571593984 0.0650567708643784 0.0457391744945691 0.0325486896851883
"2" NA 0.00386753609679946 0.00467281906494 0.00545192666166871 0.00811797818270103 0.00793827607744
"3" NA -0.0029031822457295 -0.00295566347428796 -0.00563872026851623 -0.00613723238384193 -0.00591467615041571
"4" NA 0.0042292691469019 0.00369899825525505 0.0078134278302079 0.00601443436253541 0.00480908220906942
"5" NA 0.00138468596053903 9.57387025222182e-05 0.00497180795948866 0.00664682485942228 0.00568309771850194
"6" NA -0.00663968819203907 -0.00275026395335566 -0.00110613382744109 -0.00134886213148203 -0.000725029336936708
"7" NA 0.00863952060458272 0.00966764485368224 0.00537390556302343 0.00693929214983044 0.0061733257582517
"8" NA 0.00670076878233094 0.00449013437285337 0.0045463388187938 0.00347748573737235 0.00254358834584315
"9" NA -0.00948397947287871 -0.00817666345554262 -0.00662837288578561 -0.00850375403180568 -0.00733399088224319
"10" NA 0.0116285536385636 0.0110710984148798 0.0104752457705424 0.00990563498656018 0.00974956592769154
"11" NA -0.00710124335382413 -0.00791885441140344 -0.00650718866450154 -0.0063003247631731 -0.00602064590824637
"1" NA 0.101911115950534 0.119739760417029 0.0481776478930905 0.0335366848265067 0.0291138547798775
"2" NA 0.00339414300073081 0.00471204846628275 0.00670781885605652 0.00756307297264989 0.00698777226097039
"3" NA -0.0117790304529842 -0.00764763270339291 -0.00630513696880292 -0.00924020348438003 -0.0104753445582698
"4" NA 0.00154723818485081 0.00497227393821737 0.00474039048534346 0.00513579963263479 0.00378081420621309
"5" NA 0.0112725139766575 0.00801991141755102 0.0100876383774668 0.010702645115873 0.00946541620860029
"6" NA -0.00961717305354712 -0.00893404808895623 -0.00963275879907674 -0.00800278981237682 -0.0071460497875712
"7" NA 0.0119815819726783 0.0127440337115257 0.00670910616390142 0.0082183150135671 0.00901559822029358
"8" NA 0.0096148590993686 0.00901652963995976 0.00672957423963219 0.00637532505554229 0.00599446409690267
"9" NA -0.00115261096408897 -0.00281034583692344 -0.000123044737868356 -0.00221287296328857 -0.00257160852258148
"10" NA 0.00553585628278716 0.00438006918790815 0.0070871210143836 0.00705089315483309 0.0079382929325811
"11" NA -0.00278076539352644 -0.00261495459280308 -0.00256938449539571 -0.00494651547030623 -0.00559715747500614
"1" NA 0.104443887936697 0.122892587299177 0.0824296897080208 0.0459424226765806 0.0448633960052422
"2" NA 0.00171191432910261 0.00223032125886539 0.00220551159319353 0.00048692666755384 0.00246359562408686
"3" NA -0.000129448667516121 -0.00059521310697752 -0.000892859338510289 -0.00102967051293946 -0.00280673882569164
"4" NA 0.00387602371765104 0.00868317068815321 0.00585107508110006 0.00816082303161499 0.0091120775620242
"5" NA 0.00746120602894343 0.00907102628655017 0.00512348557131776 0.00467113506356553 0.00696072983283613
"6" NA -0.0040148183660394 -0.000312450179976261 0.00145284245708962 0.000757592760046909 0.000346953651192922
"7" NA 0.00967130232885889 0.00581118116861119 0.00757988351543384 0.00914001807234836 0.00802814539132761
"8" NA 0.00673271931552076 0.00725070367913733 0.00457120000907495 0.00620422981300672 0.00720262203249349
"9" NA -0.0137986175650071 -0.0148783350900107 -0.011725324288438 -0.0109209986279003 -0.0111969975311103
"10" NA 0.0115806968076066 0.011822174339007 0.00765411837609887 0.00670456504493359 0.00811716543373353
"11" NA -0.00832876920933064 -0.00870293494012351 -0.00704075976100961 -0.00806410615666463 -0.00789393778441979
"1" NA 0.0935575792946116 0.126415092870252 0.0497579807714498 0.0398192624087036 0.0379474841553532
"2" NA 0.00841920837567513 0.0107916255766313 0.00801479620076166 0.00799125939542743 0.00750650908240383
"3" NA -0.00427542679598785 -0.00491106712297767 -0.00396241757046904 -0.00523417865962118 -0.00389344375884934
"4" NA 0.0132218411591617 0.0131310116543778 0.0111346535596751 0.0112148830236661 0.0104260148699353
"5" NA 0.0115946239086325 0.00804045290148567 0.00947570283483548 0.00847521943873517 0.00946664583399655
"6" NA -0.00862402101019585 -0.00343058240970232 -0.00443683397496633 -0.006646789211727 -0.00379478079671182
"7" NA 0.00126268111246567 0.00540086949865389 0.0051888259232643 0.00413469893821799 0.00509710386258729
"8" NA 0.00888178613870612 0.0107061881483936 0.0123443793181944 0.0133284410963846 0.00872050722413418
"9" NA -0.0140477770065452 -0.0115398138756228 -0.0119171675361198 -0.0112149447444948 -0.00972361635424879
"10" NA 0.00883973431016005 0.0053173706243815 0.00885837850285833 0.0078274064559297 0.00930426595492918
"11" NA -0.00683613451793515 -0.00577668823434451 -0.00802090850527363 -0.00826129733916913 -0.00651409920040398
"1" NA 0.0809119538466776 0.104762298694427 0.0355530102384277 0.0326055940755493 0.0240378976367756
"2" NA 0.00997615108675532 0.00912134351389543 0.00958758784856902 0.00971833446384506 0.00860693489886946
"3" NA -0.002549486094804 -0.00159261782244451 -0.00694352781591341 -0.00685278294930133 -0.00663978331890464
"4" NA 0.0140531744511235 0.00842189290065858 0.00662686299812227 0.00608866614581583 0.00713868226209079
"5" NA 0.0107390496512892 0.00894564197165495 0.00738989573467882 0.0082288771856413 0.00761825334844695
"6" NA -0.00896039157033857 -0.00707633530923381 -0.00920513795288668 -0.00962287803312789 -0.00778091143326691
"7" NA 0.00770899304353455 0.00808400673347952 0.00740534713211941 0.00619273947752028 0.00972018961553666
"8" NA 0.00558017914934516 0.00333813567820307 0.00660588176418624 0.00625692232994844 0.00699649979950611
"9" NA -0.00683151622955098 -0.00422369638802197 -0.00189017828592653 -0.00190732130267351 -0.00301950799795321
"10" NA 0.00590644885287127 0.00563905281145772 0.00501623955204033 0.00464804055743254 0.0049388261078522
"11" NA -0.0115994990033878 -0.00868537044245158 -0.0110506708655843 -0.0117554984616268 -0.010719511343119
"1" NA 0.110502585533715 0.130950059259814 0.0607055019055535 0.0455329185715932 0.0474981281675032
"2" NA 0.00677193293768178 0.00413370719621142 0.00622695149280633 0.00590894755242096 0.00534638346294209
"3" NA -0.0113642374027764 -0.00859612060423698 -0.00634143286577412 -0.00579928563004382 -0.00483132293369647
"4" NA 0.00658474215406219 0.00639331176719786 0.00804515406551209 0.00683664898061257 0.00685351420030298
"5" NA 0.00501563947168284 0.00559137887535829 0.00270542338694375 0.00348765959007063 0.00385307667124007
"6" NA 0.00367344593186282 0.00127006727099629 -0.000563484160886827 -0.00257111011355965 -0.00344681029307357
"7" NA 0.015733311790296 0.0136648417727174 0.0118976254487999 0.0121420671800313 0.0106576898650265
"8" NA 0.0101563707509411 0.00692864183438412 0.00626908560104975 0.0090524494986875 0.00927191650145486
"9" NA -0.0139289378999123 -0.0100464907251945 -0.0078817919334865 -0.00664608584221423 -0.0066459373357244
"10" NA 0.0110102221818042 0.0108725634226522 0.00864713742290222 0.00636604137185965 0.00595449693471805
"11" NA -0.0140584046253415 -0.0119859061474231 -0.0119286237465029 -0.0132402553541713 -0.0127799916985656
