1 1.06546883071915
1 1.5350394043269
1 1.40578981711363
1 1.37805663869621
2 0.149867184087659
2 0.182648275678028
2 0.239296172085608
2 0.285883115103673
3 -0.0888213774713937
3 -0.0391499606835797
3 -0.0210119918631035
3 0.296397928935577
4 -0.0219374502292534
4 -0.0772370164342629
4 -0.0514487072522888
4 0.114470710549964
5 -0.0655580280421318
5 -0.0105797242911819
5 -0.0456762326736719
5 0.103227767385051
6 -0.0698634394232181
6 -0.0203911060879924
6 0.124575450485527
6 -0.0406680961202168
7 -0.0662796669003249
7 0.0992066665780738
1 1.12837868213388
7 -0.0359850160434977
1 1.33922094127835
7 -0.112672209661477
2 0.137688207904752
1 1.34271803613926
1 1.18607818336349
2 0.129341513316554
2 0.178028604153879
3 -0.0298150729457455
2 0.132361446956774
3 -0.0373190792338259
3 0.00635717510228351
4 -0.0193775628865246
3 -0.127686692396825
4 -0.0439665053181125
4 0.00924442042979331
5 -0.0314599927003926
4 -0.128233054386889
5 0.00998647030934376
5 -0.039031243938307
6 -0.0213764728324086
5 -0.105232113837216
6 0.00237210716358497
6 -0.077026053145642
6 -0.094957776803542
7 -0.0272610522669283
7 0.0219822046434425
1 1.28594891360275
1 1.1959923413633
7 -0.115576513688297
7 -0.0217601452092706
2 0.23674659279621
2 0.157194194154155
1 1.23221927366997
1 1.31623125411003
3 0.0507291887193823
3 -0.000477449170333814
2 0.116925082356955
2 0.203157634372863
4 0.0314403664268664
3 0.124407707292594
3 0.0327634152957458
4 0.00864275791579787
4 -0.0615045286440617
5 0.0342700588921406
4 0.0105697701893755
5 -0.00894397846478085
5 -0.0629078782342671
6 0.0328755632929478
5 0.00851529331971674
6 0.0631666830738349
6 -0.0795507023757511
6 0.0370549033550231
7 0.0406551544571997
7 -0.0180457605963868
1 1.14055671590327
7 -0.0866916875642799
1 1.23719214792446
1 1.58997438930369
2 0.242370898968455
7 0.0265390341718339
2 0.253416324617039
2 0.327057855505973
1 1.52837531432885
3 0.0269819680331337
3 0.0873831256729754
2 0.27681770210496
3 0.0880840167074445
4 0.0249386222079278
3 0.045447074592485
4 0.0863637196201864
4 0.0977448760836682
5 0.0253077775342563
4 0.0356780599210443
5 0.108349562375206
5 0.117379161204724
6 0.00957798028692274
5 0.0321950320013614
6 0.0988874461432124
6 0.0941008235625598
7 0.0165724882440418
6 0.0144086583464309
7 0.0807406725068753
1 1.1271349781207
1 1.27327424959204
7 0.119860230153928
2 0.242860815003265
2 0.25066074996744
1 1.3894685352627
7 0.0194022076583569
3 0.0823291487921545
2 0.863573246469698
3 0.0375904454303453
1 1.46453425234495
4 0.086676710971138
3 0.0278980696358659
2 0.252256133901868
4 0.0245439600810134
3 0.0184155481265286
4 0.0322970903978133
5 0.0904969407330865
5 0.0308513702965539
4 -0.00525617568613422
5 0.0367207068263979
6 0.106553042629931
6 0.00537503060735579
5 -0.0102438401717198
6 0.0305197855126288
7 0.124300311862677
7 0.0227644661535799
1 1.34611734579363
6 0.0221966097170103
1 1.0022350473963
2 0.733088962746664
2 0.161651139903926
7 0.030797336311696
3 0.0283458985193166
3 -0.0912248960518002
1 1.22500845774401
7 0.0164054365546835
1 1.40669642033608
4 0.0122118635591986
2 0.351966419213413
4 -0.100405564446494
2 0.304645456447195
3 0.0978216273077779
5 0.00609743448833734
3 0.16186741791978
5 -0.100397620119388
4 0.0997080852600724
4 0.139799626672516
6 0.0113149388087273
6 -0.128470419573652
5 0.100205897575313
5 0.14817915891572
7 0.00846027020055365
6 0.0919645837852224
7 -0.0768974250618105
1 1.26703708792363
6 0.138464334728821
1 1.35323673895248
2 0.241230213074317
2 0.809383322571768
7 0.0907457692780867
3 0.073968657950522
3 -0.0988646708148461
1 1.5386077228788
7 0.149455359621465
2 0.384840499264347
4 -0.115960280231153
4 0.0704807347977152
1 1.27490996847721
3 0.118170689966655
2 0.237948657097371
5 -0.123392605954909
5 0.0528377992024464
3 -0.0398307078875399
4 0.128319601437592
6 -0.117246168811806
4 -0.0407965396857669
6 0.0529429574744702
5 0.104220622262236
7 -0.119839984372298
5 -0.0625901817720212
6 0.106277213282986
7 0.0671076734277087
1 1.40334532071564
1 1.41261807774828
2 0.143364376114545
2 0.193418343623223
6 -0.0409609060042012
7 0.111458704157137
3 -0.028807863120782
3 0.0139362014542682
1 1.16686666156289
2 0.165999581366507
4 0.00866737060591095
7 -0.0455839978124056
4 0.0135468464901356
1 1.01599677330748
3 -0.0552577570901723
5 -0.0345898070594249
2 0.253175354477174
5 0.0289158507509856
4 -0.0477884506228568
3 -0.0591793356433288
6 0.00710775289027531
5 -0.0528164672018007
4 -0.0561562537734883
6 0.00343055326541077
6 -0.0707508003464782
5 -0.0310082438170992
7 -0.0192357126903704
7 0.00696924575367434
1 1.11335330620766
1 1.27902128351036
7 -0.047189400184171
2 0.217622492627337
2 0.103950034518284
6 -0.0474549910911306
1 1.18801478327714
3 -0.0124296017040224
3 -0.0976135703278012
2 0.123501146123569
4 -0.0144593101900104
3 -0.0932876280682497
4 -0.0853976260510879
7 -0.0543954580776249
1 1.1687282376642
4 -0.104390752999432
5 -0.0772721698751888
5 -0.0329174238731982
2 0.54943885744449
3 0.0215793444734253
5 -0.0941261248638361
6 -0.0457477875841318
6 -0.074775545249297
4 0.0463856740916788
6 -0.0512254464135013
7 0.028244751657957
7 -0.117281800180213
5 0.0231557768152079
1 1.32182803811162
1 1.01529630021168
7 -0.0952039749003273
2 0.305686176136563
2 0.0893317459811331
6 0.0313244416066403
1 1.14832562378099
3 0.0669488568974454
3 -0.0454573612284136
2 0.248948918060684
4 0.0606661857977041
3 0.0226713560154617
4 -0.029829891605945
7 0.0107771535954378
1 1.07638793363178
4 0.0326777489107074
5 0.0791868147121963
2 0.050268478531335
5 -0.0372986666514266
5 0.0126861417436852
3 -0.0863783711067811
6 -0.0511227850397686
6 0.108138291822909
4 -0.0786451594659864
6 -0.000667809408961026
5 -0.0648498072039726
7 -0.0648092222758391
7 0.0584663825802852
1 1.455173097473
1 1.11779119043613
7 0.00437011840609351
6 -0.0991686396622898
2 0.272095622116752
2 0.555703224260173
1 1.383306650355
3 0.0603366124021631
3 -0.0910232719937
2 0.237767482650422
4 0.0583211146000588
7 -0.103526352629598
3 0.0788145168938705
4 -0.0666132121517083
1 1.18036631955353
4 0.0755685779877761
2 0.244237018347636
5 0.0573911087914712
5 -0.0841538781353776
3 0.0264007265097943
5 0.0721292047380961
4 0.0342830952556745
6 0.0380645704226135
6 -0.10685150914708
6 0.0560955128663731
5 0.0339227904480659
7 0.0532796714243156
7 -0.10973830611858
1 1.26050476215191
7 0.098935015176906
1 1.12670812425576
1 1.41186246374708
6 0.0626537964342139
2 0.356455977863839
2 0.0679171157604816
2 0.237968950445929
3 0.0708143717795362
3 -0.0712529064725651
3 0.0611599999579869
7 0.0345706490453528
4 0.0772165063494021
1 1.27383914268819
4 -0.063087450635861
4 0.0700517727971792
2 0.219444229760707
5 0.0539229793806692
5 -0.0660012405759056
3 0.0339156969520868
5 0.0456944566680959
6 0.0515293439215989
4 0.0647352258544578
6 0.0620543231196252
6 -0.0758131246096486
7 0.055238324869746
5 0.0666222192451784
7 0.0450260093945889
1 1.31961744170573
7 -0.0610318539364412
1 1.28288991988498
2 0.145866968059266
1 1.29992014272745
6 0.0401821849776682
2 0.131193199739504
3 -0.0252942880268185
2 0.113669757652267
3 -0.0193222768438771
3 -0.0614349538224914
7 0.0757200879190167
4 -0.0389821063262439
1 1.39220076528786
4 -0.0274361227643861
4 -0.0843827753511486
2 0.0859958834433901
5 -0.0541454912715818
5 0.0138010308188438
3 -0.128922311511737
5 -0.0746742218866726
6 -0.0492978201321599
4 -0.113899307961611
6 -0.0410785455575247
6 -0.0336811250021904
5 -0.124303992417206
7 -0.0284881180582219
1 1.3492996751938
7 -0.0491167277694057
2 0.108728222288748
7 -0.0392177425643821
6 -0.152114683257732
1 1.30367834221979
1 1.45121448462235
3 -0.0629484578122951
2 0.224339856979709
2 0.236038656705127
4 -0.0693795929895306
3 0.0265846829559553
7 -0.153217335038519
3 -0.0361505062042085
1 1.23316341767596
4 0.0234399716179324
5 -0.0765660699656304
4 -0.0240284631355251
2 0.0908900124148508
3 -0.0831821576585069
5 0.0382183213228953
5 -0.0305675856296319
6 -0.0352056640194375
4 -0.0940263021059142
6 -0.0334641480422212
6 0.0666761354661141
7 -0.082033641953369
5 -0.0854026087698352
1 1.23389297438807
7 0.0305396827436208
7 -0.0293940236757299
2 0.597207379227646
6 -0.102100879875643
1 1.46488000868734
1 1.16722970075323
3 -0.0539735441674087
2 0.158372570384322
2 0.179579664075731
3 -0.00255305822845551
4 -0.0585006915739004
3 -0.0621550981821863
7 -0.0493531410010849
1 1.75174238827048
4 -0.0150995323212073
4 -0.0682874107444589
5 -0.0564100574906544
2 0.345402149943482
3 0.117465553073808
5 -0.0155721248835745
5 -0.0399491905883207
4 0.117545523751109
6 -0.0419621657811912
6 -0.00343936958760586
6 -0.0575835834716816
5 0.129291834959877
7 -0.0418326834595309
7 -0.0326198120029412
1 1.29611494119268
6 0.0857657408072581
7 -0.0624017434676194
1 1.30283984546584
2 0.730266065719246
1 1.46184367874303
2 0.146334802965384
3 0.0604303695997279
2 0.912413991683459
3 -0.0264613591609289
7 0.128129624999146
3 0.126988271081562
4 0.0578033663602673
1 1.27093286162967
4 -0.0201921048806723
4 0.122693987057392
2 0.196789524607439
5 0.0277981815637444
3 -0.0229866412189015
5 -0.0300027818533465
5 0.11782979706042
4 -0.0149547279627665
6 0.0571892213257934
6 -0.0515431502477694
5 -0.00603191603608955
6 0.136255917288726
7 0.00439308531892628
6 -0.0278792902637114
7 0.0028613238348218
7 0.117886056607634
1 1.35852930844318
1 1.190376098324
1 1.42119069669369
2 0.231353629145145
2 0.283641485036756
2 0.167261851013194
7 0.00515332052607758
3 0.00605756417218768
3 0.105490932701294
3 -0.0330269579571328
1 1.30244583332738
2 0.228934986612265
4 0.00346467666257441
4 -0.0402843617223995
4 0.0908041571313133
3 0.016672208013024
5 0.110279883501679
5 0.0114304387230627
5 0.0173601307641775
4 0.0199138364384508
6 0.0717758615233897
5 0.0033628668852444
6 0.0261761146634804
6 0.00017898515226688
6 0.0338516433902408
7 0.0943245272298522
7 -9.95581838954585e-05
1 1.40305740840812
1 1.38161729274766
7 -0.0136301714428808
2 0.285477309845395
7 -0.00719307123894744
1 1.10398834494486
2 0.107562222782785
3 0.0974635208256332
1 1.40216510493192
2 0.599268358949827
3 -0.0339015976022418
2 0.247692216739577
4 0.0974165150846602
3 0.0612506118358635
4 -0.0269620403702171
3 0.0210258025722025
4 0.04097924304616
5 0.0901396177598045
5 -0.0328057074663547
4 0.0329114013731856
5 0.0547942855440944
5 0.0645306986432324
6 0.0648191964168286
6 -0.00206573058505595
6 0.0161403472586057
6 0.0662696120929821
7 0.0998330681179796
7 -0.0173780044472067
1 1.2890571344277
1 1.28495198242984
7 0.0436926478020382
2 0.213537676955205
2 0.277927666627109
7 0.0366938237907728
1 1.21223662662253
3 0.0193032523883121
1 1.49611799180779
3 0.0591527552713384
2 0.22320564991676
2 0.244927141902372
4 0.0186190474935924
3 -0.000640019637734775
4 0.0636567112401629
3 0.0235677742422827
4 -0.0183486889072193
4 0.0158785454607615
5 0.00244669175879076
5 0.0593808377623277
5 -0.00323257847886805
5 0.0209690559248104
6 0.0202994122413432
6 0.0641743622589871
6 -0.0059998750206867
6 0.0358211850528203
7 0.0389703945081677
7 0.0663968858937849
7 -0.00320911362162108
1 1.46692377757211
1 1.33047385473716
1 1.34463473952218
7 0.0173877401713115
2 0.332042333232977
2 0.219568133285884
1 1.66358942962847
2 0.0977302547722741
3 0.114533470837035
3 0.0145250836214482
2 0.326471301958955
3 -0.0987539588221935
4 0.100804299422183
4 0.0135299465093994
3 0.102314657864201
4 -0.110157758226327
4 0.0993277477691448
5 0.101034854806464
5 0.0302697632235499
5 -0.113371437630543
5 0.090294256190463
6 0.103490844534538
6 -0.0100467840876909
6 -0.113527334569249
6 0.0672567342714928
7 0.042283993186916
7 0.121789030586383
7 -0.082196669723723
1 1.45356313895298
1 1.26816734571003
7 0.0993821971636455
1 1.39053566385012
1 1.14461658241348
2 0.368939474733109
2 0.245739575494113
2 0.330655868865047
2 0.123595100584937
3 0.122482764770457
3 0.045362781982172
3 0.0771922453435674
3 -0.132729841537668
4 0.0547705082025366
4 0.109201545290618
4 0.064961613931622
4 -0.135984760181847
5 0.0592951377166034
5 0.124049466723253
5 0.0612457031019936
5 -0.136259997532342
6 0.0748465556740323
6 0.0588101961473033
6 0.0828081106545638
6 -0.113541884766563
7 0.0593307326409485
7 0.0784426187292656
7 0.115509968572082
7 -0.120681492370626
1 1.2071296474389
1 1.36807054295274
1 1.25845271684015
1 1.46748908093168
2 0.162259990428972
2 0.258551299329857
2 0.123073988293764
2 0.283180909752818
3 -0.0265939471636716
3 0.0233553525518386
3 0.0117740181269856
3 0.0319332228590091
4 -0.0267853923835687
4 0.0218005887465849
4 0.0335149487973841
4 0.0300458865519038
5 -0.0435551820450174
5 0.012016974228694
5 0.0264376850404628
5 0.0463238960001586
6 -0.0283843724895065
6 0.00774416739997653
6 0.0228349819833616
6 0.057416696975325
7 -0.0614216938680488
7 0.00202338473177523
1 1.43564322324769
7 0.032827440521978
1 1.40311188435896
7 0.0704897292660554
1 1.26600654381022
2 0.159202882592111
1 1.42096522399298
2 0.160211434664219
2 0.0926747797844025
3 -0.0410354795168304
3 -0.092352448552798
2 0.264122295350371
3 -0.066061652964156
4 -0.0676895154162451
3 0.0395847705985683
4 -0.0875698662201197
4 -0.0970837611813213
4 0.0312302170847481
5 -0.0400800677211298
5 -0.0744305094759703
5 -0.0888037048498435
5 0.0355400076327707
6 -0.0807462531840546
6 -0.0647329231799229
6 0.0439782975436727
6 -0.0890295927567833
7 -0.0835642362819976
1 1.1465263906038
7 -0.0682434324809394
7 0.0535485050098342
2 0.155806382268402
1 1.50362935675924
7 -0.0600632955699212
1 1.2939152961694
1 1.27184949628239
2 0.989141733568757
3 -0.049662096114826
2 0.314568373818507
2 0.175859441138554
3 -0.0016932502576758
4 -0.0601114749911709
3 0.120257360113244
3 0.000146909329180849
4 -0.00908132283220311
4 0.117041268827632
4 0.00382339163001636
5 -0.026718806101774
5 0.00882258147128613
5 0.114956187529703
5 0.00318575382849474
6 0.00415621400681764
6 0.00579174813708918
6 0.0852257811650226
6 0.0340605324941234
7 -0.0243573429718679
1 1.40604816599066
2 0.848786191408563
7 0.0883052185535115
7 0.00942698117609779
7 0.0175604164081493
1 1.19798386366614
3 0.0370095260974154
1 1.66024344423025
1 1.29409792106714
2 0.110842933679106
2 0.978482251702097
4 0.0587586557513655
2 0.221115061353978
3 0.0170309575511348
3 0.0469945872984205
3 0.00476507856102738
5 0.0685983849279553
4 0.0166254643741047
4 0.0588157093501542
4 0.0181568582176924
5 0.0783247714557302
6 0.0786822866296843
5 -0.00556015953118834
5 -0.0100563209110985
6 0.0437292978372333
7 0.0262867622270115
6 0.000573493958553757
6 0.0191677931655027
7 0.0509291842221092
7 0.00439733092898084
7 0.00920117047420652
