"1" 0.196188772485155 0.0665889060365212 0.00321715849270151
"1" 0.371875697714989 0.0681775790369912 4.92353127899743e-08
"1" 0.266104693742668 0.0650557377572192 4.30983994863781e-05
"1" 0.50084084720957 0.0676969309546889 1.39154260330004e-13
"1" 0.429102835130019 0.0659006924111909 7.48658421014264e-11
"1" 0.43198668872504 0.0671503781193155 1.25632455255111e-10
"1" 0.290816672900902 0.0681682851313612 1.99070802895236e-05
"1" 0.432922684901783 0.0673048186824666 1.26340987518049e-10
"1" 0.65572950459558 0.065786184603097 2.17289820830401e-23
"1" 0.296187685928095 0.0648306952291033 4.91564780829176e-06
"1" 0.340660007515342 0.0688824025577707 7.60733221326903e-07
"1" 0.465587562666673 0.0662477719534164 2.11037143003373e-12
"1" 0.50451796686916 0.0675784128331013 8.3622061891885e-14
"1" 0.394678367881896 0.0671439943475776 4.16487431454394e-09
"1" 0.389324999394789 0.067629284224085 8.60254771291964e-09
"1" 0.147749024913707 0.0655028547503641 0.0240973325208633
"1" 0.380313128000152 0.0665392093623918 1.09646047370796e-08
"1" 0.348913835254388 0.067553637746835 2.40963277732428e-07
"1" 0.343314647566005 0.0658676448721959 1.87035542176271e-07
"1" 0.477417107265448 0.0641654719687847 1.01265766714768e-13
"1" 0.35126814865353 0.0670081978972229 1.59058990804125e-07
"1" 0.382480110201092 0.0668788137520891 1.07489273551905e-08
