"1" 0.692158201040993 0.0948353569046981 3.15653241914639e-13
"1" 0.65696347914901 0.10080738003373 7.55725555795384e-11
"1" 0.759058832907472 0.0994654580751452 2.55938738602802e-14
"1" 0.534600483132523 0.0989676825336726 6.76728207179467e-08
"1" 0.657469980857338 0.101337788841516 9.16314806122219e-11
"1" 0.360449477515395 0.0977150150739504 0.00022665882931782
"1" 0.616564731661852 0.0984694651006363 3.98799194999476e-10
"1" 0.541710401079694 0.102969998574848 1.46688602231748e-07
"1" 0.644434902680288 0.103572351456162 5.12531732857734e-10
"1" 0.665040557597432 0.102250969805387 8.23794818070469e-11
"1" 0.597079226421134 0.102701867927181 6.31862827480087e-09
"1" 0.536306815384012 0.0995164913101125 7.2593628748409e-08
"1" 0.780594433799927 0.0986402567674407 2.79801999994735e-15
"1" 0.676223628597135 0.0979713606568061 5.46477044749564e-12
"1" 0.576480437465336 0.0971001997557363 3.01108802560689e-09
"1" 0.447207356267317 0.0983549212085306 5.51610271899041e-06
"1" 0.648348185673376 0.0977712843429372 3.51975454081604e-11
"1" 0.682295525653085 0.0963023950737757 1.4958756265351e-12
"1" 0.705729704403964 0.0940954041144569 6.97981940081027e-14
"1" 0.602893768967745 0.0972696815606275 5.96363831213029e-10
"1" 0.461504222579113 0.0975120538970104 2.24834170420786e-06
"1" 0.525037861355932 0.100720392659531 1.90118812781557e-07
"1" 0.762657132777511 0.0997792047820419 2.33190600628385e-14
"1" 0.799389369582141 0.100220137282134 1.6920481600648e-15
"1" 0.636325678497418 0.0993558278756919 1.58409819288712e-10
"1" 0.557714827993084 0.099029801600411 1.83717936816242e-08
"1" 0.726601108907047 0.0983594381203878 1.63331620657191e-13
"1" 0.636990144534865 0.0985378090928913 1.06974843099223e-10
"1" 0.625699875522515 0.10657367501389 4.48387216809453e-09
"1" 0.746976705790042 0.0976880485030014 2.27668208259118e-14
"1" 0.571745366840993 0.104117745705426 4.09777228163983e-08
"1" 0.489213888110105 0.0962353109452112 3.77974139683481e-07
"1" 0.868348999543832 0.103474032281615 5.50588001150672e-17
"1" 0.763251507468804 0.0986668788863778 1.13980958140336e-14
"1" 0.545576702744286 0.0997559030460611 4.64412112027475e-08
"1" 0.712082369121885 0.0989144861001119 6.55420646907247e-13
"1" 0.483573491471706 0.0995628349989907 1.21208829167431e-06
"1" 0.786722016115743 0.0985074861906846 1.56018767758734e-15
"1" 0.751432997052944 0.0982839712392749 2.29472450268663e-14
"1" 0.809206698672284 0.102654071527499 3.57313246186961e-15
"1" 0.617147629306902 0.101236549821976 1.13164943300696e-09
"1" 0.629378184427188 0.101433091134431 5.71631993531877e-10
"1" 0.706937904961749 0.0972012255690184 3.81222192472361e-13
"1" 0.64886405887949 0.100450192962596 1.10453372185816e-10
"1" 0.701754231300414 0.0944147134423297 1.16158934262174e-13
"1" 0.778028025955636 0.0937830867899804 1.23180205885841e-16
"1" 0.662040160685516 0.0971914774407978 1.02636247406999e-11
"1" 0.628866700759334 0.0986457146198296 1.91960659965377e-10
"1" 0.625130241806668 0.0999512988744955 4.17375322552184e-10
"1" 0.745514167257781 0.0990666346567913 5.76282767401804e-14
"1" 0.723058278889573 0.0992181462027622 3.42262119285084e-13
"1" 0.571706250855145 0.100176197467085 1.1862574315331e-08
"1" 0.519532503696705 0.106107922179434 9.93763215162846e-07
"1" 0.776968100553138 0.0997570061966854 7.52690363405601e-15
"1" 0.662256898689277 0.099781731761426 3.38512686964543e-11
"1" 0.568294111571604 0.0973952453670741 5.56765495286956e-09
"1" 0.587420638370822 0.0982803789471856 2.35952884254427e-09
"1" 0.582937163017239 0.100014054743545 5.78367309691303e-09
"1" 0.727461386198318 0.0970824718932611 7.35560250324695e-14
"1" 0.775392854309136 0.103812381107535 8.82338334655136e-14
"1" 0.503820994715159 0.0999300617552998 4.70329145795669e-07
"1" 0.625538006938667 0.0994304878048781 3.29701876434935e-10
"1" 0.656563260048893 0.102739391071737 1.73478922098501e-10
"1" 0.616287650212118 0.104080942409244 3.31253407465438e-09
"1" 0.502494754561469 0.0994573631469503 4.44961140680972e-07
"1" 0.700414936645241 0.104482909618799 2.15537917923689e-11
"1" 0.588816445048261 0.0949092334866033 5.74771635925284e-10
"1" 0.763597661521836 0.101852958557256 7.14531179141484e-14
"1" 0.58286906738184 0.10057565197832 7.04841302351201e-09
"1" 0.655876643398736 0.0969536983766257 1.41784132074345e-11
"1" 0.617375694360987 0.0991321145304892 4.94208031157025e-10
"1" 0.577965016193046 0.10230058619384 1.65649981838036e-08
"1" 0.740707944909959 0.100065087488457 1.4593254966809e-13
"1" 0.520941596857439 0.0963948136703405 6.67458813282438e-08
"1" 0.88959554617199 0.0945789132583628 6.43800912489937e-21
"1" 0.630018987763798 0.102372857444229 7.87024850683483e-10
"1" 1.00446970432631 0.098989954007414 4.59566154552881e-24
"1" 0.568125780459455 0.099918882786224 1.3421499268671e-08
"1" 0.571596060886452 0.101551109134602 1.87074590902816e-08
"1" 0.876437493514761 0.10425376304226 4.85788994533436e-17
"1" 0.774392362404876 0.100664858763953 1.59151790795585e-14
"1" 0.658720826507799 0.102161194010976 1.19282763330219e-10
"1" 0.554306089895769 0.0952597883906142 6.12681259583371e-09
"1" 0.728112037154888 0.0963875773421201 4.63360260094596e-14
"1" 0.646870370972454 0.100251398210064 1.15713948413832e-10
"1" 0.763993363443684 0.100873876492946 3.98451839272565e-14
"1" 0.773247608357108 0.0986678880884917 5.14484459834241e-15
"1" 0.42129681699301 0.100894675420564 2.99993213578857e-05
"1" 0.749725995543211 0.105645226969357 1.37513670347006e-12
"1" 0.72196677505782 0.102624269213208 2.13759459544799e-12
"1" 0.927206966865015 0.102157489677275 1.3618131443626e-19
"1" 0.495708867851239 0.10053556873935 8.34095875302281e-07
"1" 0.734726053799083 0.102591740709806 8.59803922994845e-13
"1" 0.810378056674611 0.101909826213707 2.05861158419787e-15
"1" 0.717680153359237 0.108214498052289 3.50221807550431e-11
"1" 0.746388066067422 0.100607992832319 1.28943379356621e-13
"1" 0.596391460437346 0.0997060682213058 2.2953822600219e-09
"1" 0.717514882779132 0.10179400174211 1.93916802253807e-12
"1" 0.723874177347963 0.0996715654883644 4.11347271542531e-13
"1" 0.480947637890242 0.102286339436395 2.61495177618458e-06
"1" 0.782785912288162 0.104780647348631 8.72164011822132e-14
