"1" 0.453245283016942 0.235743180951106 0.0545589609024933
"1" 0.347151319714323 0.211058792845809 0.100044248051716
"1" -0.0210062263828356 0.210294868306727 0.920434366064652
"1" 0.756065322812851 0.219118938422452 0.000562163412343179
"1" 0.418086225099243 0.229201148518683 0.0681698648548259
"1" 0.665910348391642 0.202307226730124 0.00100010546958623
"1" -0.210314938168307 0.196759036163526 0.285145253554694
"1" 0.337981513575011 0.216266714832524 0.118134960431708
"1" 0.173696037908769 0.225057561897144 0.440262096407724
"1" 0.45270935443768 0.233532888709597 0.0525904592545873
"1" 0.245217607875978 0.232423983902389 0.291433400417313
"1" 0.658026069567316 0.204960105418359 0.00132966443853446
"1" 0.302902149769937 0.20197256998708 0.133722258829044
"1" 0.818924749922299 0.201453745240533 4.84259623850485e-05
"1" 0.4496264669101 0.212565615452373 0.0344372612460053
"1" 0.394947021049002 0.223055319141452 0.0766571891339411
"1" 0.992398645983307 0.204622210625122 1.25592656638812e-06
"1" 0.171525013358398 0.195196245981305 0.379570573266381
"1" 0.28856119093738 0.203817615843708 0.156874157530508
"1" 0.0988000430474141 0.22152269549391 0.655604984239125
"1" 0.537121592106354 0.207972735755971 0.00982002096742198
"1" -0.117119834110145 0.21356464754607 0.583427739404048
"1" 0.594227731971241 0.207123098068596 0.00412784270089361
"1" 0.546839345235128 0.210500921416199 0.00939760458898919
"1" 0.0906251736404015 0.212865133665524 0.67030760035212
"1" 0.481583192825537 0.210709463077534 0.0223048295549814
"1" 0.333939794395389 0.211023578736331 0.113576074465066
"1" 0.733570988019149 0.208163325447651 0.000427170696385861
"1" 0.432860500773409 0.202934604033887 0.0329513322276412
"1" 0.0256320882148557 0.229896832804714 0.911227213207799
"1" -0.204510038988209 0.232428344500832 0.378945538307259
"1" 0.246461827124346 0.217808361791397 0.257852356524944
"1" 0.163358208484121 0.20941395058737 0.435368332811555
"1" 1.11904954349748 0.206833179921668 6.45017965060154e-08
"1" 0.550973379508517 0.204512748199927 0.00707146331605174
"1" 0.262342104931654 0.194097522185091 0.176537491981753
"1" 0.176554395336107 0.205759863971948 0.39088197645542
"1" 0.20481963803253 0.202169022378773 0.311034462921568
"1" 0.759865733281823 0.236834797147552 0.00133934135803725
"1" 0.407758284215388 0.234193531656138 0.0816973218194033
"1" 0.166888670994094 0.219543598093554 0.447177771234547
"1" -0.450965060672692 0.213468026981231 0.0346655224850593
"1" 1.00246792547282 0.195383081590972 2.94569085148654e-07
"1" 0.677755962181869 0.231153765843894 0.00337574186570173
"1" -0.192444479243652 0.220352876693583 0.382497406983846
"1" 0.545396018187477 0.208783141595015 0.00900952038726583
"1" 0.706783913516129 0.210483598117778 0.000788617006770768
"1" 0.183834405651519 0.199824982136289 0.357609415412052
"1" 0.724432431258744 0.220182719787026 0.00100522293521478
"1" 0.523501448472727 0.196386754566072 0.00769734108961476
"1" -0.229533751974342 0.223718366152344 0.304921910610324
"1" 0.345727147994301 0.194617744767522 0.0756938946160595
"1" 0.630806402650041 0.195594410007331 0.0012639049564981
"1" 0.253920836389761 0.232510842172375 0.274826456319003
"1" 0.0119765866989348 0.242542148045198 0.96061803837083
"1" -0.177194351344924 0.218707817907936 0.417853836342055
"1" 0.827967589032192 0.219371034921867 0.000161502925747539
"1" 0.244164380914794 0.190458309173556 0.199881546534086
"1" 0.337676163694054 0.214110773653424 0.114805485932125
"1" -0.188428623773906 0.211531699295744 0.373069988067711
"1" -0.133869988005921 0.198720869988521 0.500545819069389
"1" 0.336529535808484 0.233931452928208 0.150303851293254
"1" 0.0175005718906329 0.212342491172891 0.934317174526704
"1" 0.307409417448003 0.19128677699408 0.108076222570504
"1" 0.195126652904128 0.2025858437568 0.335483057214976
"1" 0.117061774581992 0.199460370725984 0.557290715359297
"1" 0.530240110544208 0.203584108031908 0.00921528367432403
"1" 0.276177176032117 0.21302097991716 0.194843870516074
"1" -0.199147419013253 0.191106249795146 0.297404023664781
"1" 1.04022888058195 0.228792686431921 5.52324224311245e-06
"1" -0.175865870939472 0.233802849445076 0.451952113279747
"1" 0.329039009388923 0.207684131389554 0.113155119684036
"1" 0.688492277470752 0.214485933605647 0.00133217749100537
"1" 0.868044993748359 0.230928850881307 0.000171723532936132
"1" 0.407122146701526 0.211595849978145 0.0543791668410724
"1" 0.0455587193682266 0.207111728452313 0.825898188172063
"1" 0.521363319601331 0.209676485922725 0.012918195113649
"1" 0.388028981153477 0.194518226746926 0.0460925795147712
"1" 0.061956019945796 0.223041757355952 0.781189420243747
"1" 1.11033241139917 0.198647963155153 2.34446985594571e-08
"1" 0.356960794582596 0.231487701799447 0.123101695716164
"1" 0.788029046809151 0.209378040194623 0.000168505948942394
"1" 0.544640351901351 0.209243395947915 0.00925897767682248
"1" 0.271364992805765 0.21100248772835 0.198450062152162
"1" 0.76528796664103 0.214364361755698 0.000358798017434222
"1" 0.142207272073776 0.195072006047627 0.466021343928634
"1" 0.587825446674526 0.205520662840072 0.00424380308099262
"1" 0.0464167574796065 0.205176544728738 0.821028941195786
"1" -0.0230918778093287 0.230128963510954 0.920074095284967
"1" 0.672005292348139 0.204466589910997 0.00101784045306584
"1" 1.06685010314023 0.212758317215265 5.42224309897459e-07
"1" 0.780325526522792 0.226937860945882 0.000587602317174648
"1" 0.714996383575627 0.208121299847869 0.000594180820035631
"1" 0.873245381532408 0.217844060669477 6.15783929305296e-05
"1" 0.486512079460567 0.193092301360954 0.0117665824126733
"1" 0.493169322661316 0.221980023744941 0.0263295170855147
"1" 0.371152322289991 0.222473671286251 0.0952914614171295
"1" -0.107694354014934 0.205737390113125 0.600670261530336
"1" 0.480102717754063 0.204281892477579 0.0187849680676759
"1" -0.140188474919928 0.215413489322947 0.515200096524038
"1" 0.947482438462536 0.207591608921235 5.08141906264642e-06
"1" 1.09677269233417 0.220635039693091 6.78451555361831e-07
"1" 0.0822728141962186 0.20798962369468 0.69243748056446
"1" 0.021117839028804 0.233848628790948 0.928046387771064
"1" -0.144027369026964 0.219106111248749 0.510978687406326
"1" 0.748356481275439 0.211494608357078 0.000404562845870849
"1" 0.0138334188112678 0.2238387611388 0.950722824929967
"1" -0.0903889589556503 0.209765666681011 0.666548179605119
"1" -0.096171511908933 0.217724885270578 0.658708856089624
"1" -0.215117856202448 0.190661273599154 0.259234996949242
"1" -0.0479206386224316 0.212449655966261 0.821546972203103
"1" 0.888416160604574 0.204315010151681 1.38729634009168e-05
"1" 0.173545916180084 0.204442833104039 0.395974797757507
"1" 0.444096265181152 0.224069817166815 0.0475146961340495
"1" 0.823530581046063 0.21196030728139 0.00010293466380939
"1" 0.463849687629139 0.218503120394689 0.0337935444786292
"1" 0.444446432239553 0.202891922482814 0.0285094150321751
"1" 0.891414409103232 0.213346043388302 2.9653168398866e-05
"1" 0.190474798844788 0.222312053173219 0.391583654564965
"1" 1.14305244280489 0.215504082602737 1.15931378410199e-07
"1" 0.298971367280095 0.201653951582638 0.138216799348849
"1" 0.024079077692252 0.222394155796971 0.913782286089178
"1" -0.253547905090106 0.19085670894467 0.184055756143353
"1" 0.130281082666994 0.235746658302739 0.580529352549907
"1" 1.06444525802326 0.208504243685294 3.37305073871783e-07
"1" 0.489878859711726 0.20669658881353 0.017807220480502
"1" -0.208371078561814 0.205624960579533 0.310917905075772
"1" 0.433001251262359 0.20494402807447 0.0346472578375095
"1" 0.667872014973947 0.208432368855257 0.00135881681763877
"1" 0.10913760729507 0.207217638475559 0.598428078511002
"1" 0.251554376655788 0.226347738304619 0.266442089925927
"1" 0.213618701742828 0.229097173643633 0.351135725164315
"1" 0.186835720712864 0.209039076969926 0.371461555226565
"1" 0.714671667413271 0.219947640308482 0.00116122421564624
"1" 0.78759970118201 0.207626128252601 0.000149599468545033
"1" 0.447614140359415 0.213657299374125 0.0361980309065365
"1" 0.414543214428716 0.219247072288055 0.0586887468394311
"1" 0.976886445591869 0.226273118128116 1.5965075094259e-05
"1" 0.394988852827593 0.186558998203437 0.0342674700372783
"1" 0.337473271281698 0.236209482014598 0.153124265125553
"1" -0.465502181042324 0.207815210443496 0.0251164771083366
"1" 0.314267221171648 0.216933770971022 0.147462352744317
"1" 0.266851162666028 0.219033621900983 0.223137623600893
"1" 0.267770546985698 0.203602523524108 0.188488602235055
"1" 0.576684081308737 0.223966419466151 0.0100436638906454
"1" 0.538808700019653 0.210255399800718 0.0104041356114225
"1" 0.243313060512455 0.202426321700978 0.229401654303141
"1" 0.251083382652193 0.209564538880255 0.230902042373383
"1" 0.288237825085034 0.22824881348173 0.206685591468667
"1" 0.656273706569935 0.221028673574541 0.00299384721455176
"1" 0.85180613366615 0.199230222499375 1.92690307969257e-05
"1" 0.0806778337958427 0.210365566568933 0.701348839310471
"1" 0.518304802943637 0.19374718352763 0.00748287423028842
"1" 0.293041763084509 0.242378554187147 0.226684986770858
"1" 0.456868080443901 0.209301355393917 0.029074535086974
"1" 0.70629138293148 0.215295027242704 0.00103990414104978
"1" 0.233470874742436 0.21289459481882 0.272823760189421
"1" -0.0327496703559968 0.186720248980593 0.860773756627207
"1" 0.622373205282258 0.23866202998775 0.00912875775957166
"1" 0.664007314209364 0.24507944669672 0.00675418452649882
"1" 0.404226885478158 0.224411683947616 0.0716932316637224
"1" 0.583706265734463 0.198549130932121 0.00329198566993671
"1" 0.70462352363015 0.226219978197569 0.00184666485113452
"1" 0.581933265603364 0.230156318152777 0.0114744879393038
"1" 0.443457635620015 0.195984364424996 0.0236767450203098
"1" 0.569849288959097 0.203822631920116 0.00518797266902663
"1" 0.312589094795072 0.208150731713984 0.133198379019854
"1" 0.737835176650636 0.20867283832038 0.000408516387546929
"1" 1.09109962871836 0.209457496572865 1.93891663246893e-07
"1" 0.128365473052264 0.196520177517726 0.513648997180325
"1" 0.261807799981963 0.204447203618771 0.200379766255896
"1" 0.317787042173206 0.201439005803085 0.114696292450844
"1" 0.505587167021 0.203020508833309 0.0127805280926588
"1" -0.00926783349174545 0.207353961982223 0.96435084228363
"1" 0.4129378737292 0.197553164993402 0.0366222932647579
"1" 0.654623733398969 0.203640267527695 0.00131083998350209
"1" 0.0740064698575448 0.201231892578088 0.713055559488188
"1" 0.36828850840833 0.204032087225016 0.071100004543243
"1" 0.304652435499772 0.230816287267111 0.186904882544416
"1" 0.588783012487595 0.228883298881924 0.0101150547363929
"1" 0.892086755154166 0.215877019683505 3.62276195168187e-05
"1" 0.684886358405526 0.193869455349993 0.000413372479451721
"1" -0.0836738045574302 0.237441625209078 0.724548533835795
"1" 0.535180848890334 0.212304724297723 0.0117255106576594
"1" 0.269143186413909 0.227415991108638 0.236648677983289
"1" 0.303816484477385 0.20267123175827 0.13389299109316
"1" 0.243338736442005 0.219819022639257 0.268325359900467
"1" 0.978286249131671 0.208212705060679 2.65977006112088e-06
"1" 0.719880648093847 0.218499044502247 0.000989211615860172
"1" 0.466995928148377 0.225326739979723 0.0382446812005935
"1" 0.240103216212723 0.185257567608384 0.194991259814037
"1" 0.673732380077935 0.229381659508026 0.00332065466905078
"1" 0.624349576622417 0.208030406610582 0.00269618961186924
"1" 0.337358774787337 0.217579374818127 0.121054599885963
"1" 0.329266872081439 0.208901323642078 0.115018648059948
"1" 0.0800075898902513 0.194752813688333 0.681217183685896
"1" 0.730935506296226 0.230151014226289 0.00149879529755117
"1" -0.0248330184943066 0.207464351010259 0.904725247994077
"1" -0.0622533913456959 0.21168362936462 0.768698257724075
"1" 0.541216768382656 0.18221174339526 0.00298331496132433
"1" 0.961064471084203 0.212451136678833 6.15482768516891e-06
"1" 0.494093191376665 0.222960836058361 0.0267127700412526
"1" 0.45303113072268 0.231645949908772 0.0505308512817034
"1" -0.465867870761057 0.205543068004373 0.0234431051453858
"1" 0.382770818766111 0.203101679587006 0.0595125055162564
"1" 0.0902262078248322 0.19346882361336 0.640968815138143
"1" 0.294341170133664 0.20711045802702 0.155299221844575
"1" 0.876816701920038 0.199495907644811 1.11961396462037e-05
"1" 0.498715501724284 0.192953330493129 0.00976359391870889
"1" 0.851653309140088 0.216589143045029 8.48342521406724e-05
"1" 0.683659294660958 0.214507406773946 0.00144192555444985
"1" 0.453245283016942 0.235743180951106 0.0545589609024933
"1" 0.347151319714323 0.211058792845809 0.100044248051716
"1" -0.0210062263828356 0.210294868306727 0.920434366064652
