1 1.27580889560405
2 0.259942432849756
3 0.048226035754777
4 0.0493222460159315
5 0.0612991879905047
6 0.0499881568151439
7 0.0824496110595084
1 1.43065056437351
1 1.42861914635994
1 1.20872232142831
1 1.1180370087188
2 0.186579806888566
2 0.111229135984465
2 0.102524876747858
2 0.28347801007056
3 -0.0347434961614584
3 -0.073547014749729
3 -0.0584405616313389
3 0.090851590038387
4 -0.0877209761530495
4 -0.0523079830981801
4 -0.0424419425910598
4 0.0958580859118981
5 -0.0427762403379363
5 -0.0716842566425957
5 -0.0482927533471531
5 0.0860982553159295
6 -0.0589994514086562
6 -0.0390703541055919
6 -0.0282840224582537
6 0.0889172760859793
7 -0.0600211585291827
7 -0.0607784885852239
7 0.0378617630176167
1 0.996501523295599
1 1.11043580250166
7 -0.0194457669242161
1 1.36913836783947
1 1.41233547517241
2 0.217162224437103
2 0.134455234602779
2 0.163994858225088
2 0.255460608125816
3 0.0048056027459245
3 -0.0519648232103615
3 0.0098856871847263
3 -0.0016556314750498
4 0.00809692576376837
4 -0.0543779339775149
4 -0.0129969151352776
4 -0.00519108563477841
5 -0.00773269350509423
5 -0.0643398850224684
5 -0.0080722217581802
5 0.0255161346660223
6 -0.0147954090774447
6 -0.0700993429684586
6 -0.0146998450291608
6 -0.00419286347371947
7 0.0143298355665986
7 -0.00800520370042911
1 1.32063051444042
7 -0.0406774157992285
7 0.00453455246994655
1 1.37088255920607
2 0.246872015389788
1 1.13297687355134
1 1.42882316341713
2 0.111749707227727
3 0.0793495350846892
2 0.26789229878625
2 0.144333924577013
3 -0.0259878052772909
3 0.0343548148592825
3 -0.0528482124615267
4 0.0864950973834057
4 -0.0138958927262273
4 0.0603409357011732
5 0.0758229879203053
4 -0.0598401670701982
5 -0.0304244969730483
5 0.0475269037884523
5 -0.0664431093275092
6 0.0926763672887026
6 -0.0374003374892984
6 0.0442683921037737
6 -0.0664807170889402
7 0.0815971935148552
7 -0.0248259415419443
1 1.09739592364296
1 1.2377253372257
2 0.105117909096728
7 0.0563177592559824
7 -0.0296900581127183
2 0.161194954577657
1 1.15881410641867
1 1.41747153538121
3 -0.0714740919149806
3 -0.0391868265220425
2 0.229139187319636
2 0.291375565630127
4 -0.0771048957967346
4 -0.0354130857350865
3 -0.0265442379834899
3 0.0692814183712229
4 -0.0300281604950752
5 -0.0888770564242774
4 0.0595672289626116
5 -0.0254614875056959
5 -0.0320168257048245
5 0.0854975121859216
6 -0.0882607091625817
6 -0.0182690528292306
6 -0.013573306772445
7 -0.0417639327815002
6 0.0620513333098837
1 1.05283954941579
7 -0.0294171803842684
2 0.150238408379347
7 -0.0562943001474622
1 1.08289687793949
7 0.0443482489834406
1 1.27605603934336
3 -0.0836685325048059
2 0.259136805844938
1 1.23542792412479
2 0.310766292070268
3 0.00673680910389114
4 -0.0575662491596724
2 0.218855993953108
3 0.0764526641347915
4 0.0407586219718541
3 0.02733156147334
5 -0.0916430852429665
4 0.0904461810847314
4 0.0361791274931846
5 0.0373136197712165
6 -0.0576731483633404
5 0.0679761528671899
5 0.0234625274306292
6 0.0168965064323555
6 0.043292241260691
7 -0.0866337761397002
6 0.0402578494031218
1 1.3065002697236
7 0.0277723827359314
2 0.32208201178262
1 1.38935180370865
7 0.0596980493123362
3 0.0460667982418416
7 0.065126461689493
1 1.0596633280117
2 0.192435173017918
1 1.31370915712857
2 0.113749793479359
4 0.0659131022140567
3 0.0130995455822874
2 0.226205884028132
3 -0.0196395952116986
4 0.00190444945555853
3 0.00812524937040138
5 0.0469060046801929
4 -0.0251448121725765
4 0.0162108553807148
5 -0.0148144774808114
6 0.0330571930930255
5 0.00300725007205964
5 -0.0271782460955282
6 -0.0265439535738203
6 -0.0360469892398477
7 0.0571585678804592
6 -0.0458576250819528
7 -0.00404402634355282
1 1.29682197948963
1 1.37098861847246
7 -0.0385795879076531
2 0.206188198600746
2 0.228643297661591
1 1.54560381264654
7 -0.00608785639812676
3 -0.0415470272431999
1 1.14456224535629
2 0.264445937684737
3 -0.00572602355166566
4 -0.0206419899984082
2 0.184782786963823
3 0.0220198922102045
4 0.0143661932236475
3 -0.0364067258649694
5 -0.0167406087614982
4 0.0348538210009092
5 0.00759013291072061
4 -0.0156817657104796
6 -0.00734931665601206
5 0.0107636009755664
5 -0.0138671970144099
6 -0.0408636981453716
6 0.0256643552389725
7 -0.0404303473943847
1 1.35761050571838
6 -0.0512400170218366
7 -0.0106746613764656
2 0.263617373548429
7 -0.0277144660353663
1 1.10536984254052
3 0.0615073896956388
1 1.41935209827888
2 0.134593629368918
7 -0.0342457914614808
2 0.273562171190758
3 -0.0602908230658434
4 0.0874704461204633
1 1.28625160463328
3 0.0885181581531002
2 0.25936344559118
4 -0.0735003354076781
5 0.0866369001238262
4 0.0873492527794244
3 -0.0414806817294978
5 0.0801972472748755
5 -0.0637903588780713
4 -0.0586312124999137
6 0.0686294567352442
5 -0.0450380306455105
6 0.0760622065310957
6 -0.0413983692211137
7 0.0510594661901501
1 1.49546802183466
6 -0.0810245717518427
2 0.179703091685423
7 0.0858115747986711
7 -0.057506368069486
3 0.00420903160222606
1 1.24846338383974
1 1.27017993076986
7 -0.0308731864984826
4 -0.00316727960206486
2 0.174766460853694
2 0.298586720944946
1 1.38129306956464
3 -0.0380913666777932
3 0.108499910735612
2 0.205021835260228
5 0.00771096798029339
3 0.011871079286072
4 -0.0303844879567911
4 0.106928465769373
4 0.0224572040915571
6 0.0208133867758869
5 -0.0295274526324867
5 0.137970124265656
5 0.0253460963648011
7 0.00238721598393965
6 -0.0110228534709261
6 0.122271789323912
1 1.37798931198113
6 0.0224559511282886
2 0.213527864036661
7 0.120103473662071
7 -0.0175562291152955
3 -0.0129853912429561
1 1.37418819662482
1 1.64330342999675
7 -0.00234083064220169
4 -0.0277418699097536
2 0.183730505680815
1 1.23362720119182
2 0.165320118993921
3 -0.066100747916599
2 0.157527785566131
3 0.0442041684272457
5 -0.00192204973104907
3 -0.00774544549149426
4 -0.0734653333825453
4 0.052511782220436
4 -0.025635324462749
6 0.00827087036533948
5 -0.10366722433472
5 0.0447656602385289
5 -0.0346977697943453
7 -0.0186370007921439
6 -0.0649050904824143
6 0.0528017476917203
1 1.18432185912563
2 0.211414743940294
6 0.0300591228943629
7 -0.0753807492342036
7 0.0677324993116032
3 0.015595758815792
1 1.21750170233549
1 1.45227880862732
2 0.242690685265524
4 0.0216122773841931
2 0.254350111855267
7 0.0038521243239969
3 0.0258191841931406
1 1.37717405698198
3 0.255449565421751
5 0.0109433859530433
4 0.0343980588029934
2 0.22876226045487
4 0.0411431488610992
3 -0.0263443027957218
5 0.0429705029586113
6 -0.00455862461125239
5 0.0625858694641363
4 -0.0268236336345104
6 0.04372303737548
5 -0.0281106931896591
7 0.0172772344386306
6 0.0643841375019255
1 1.04334435090475
2 0.249461542195088
7 0.0407373302514785
6 -0.0238886851519033
7 0.0360768559094468
1 1.09010860865083
3 -0.0713623353990613
1 1.14597706326387
2 0.184101483861162
2 0.144749258423318
7 0.00527878253599488
3 -0.017119096359984
4 -0.0672679420509322
3 -0.0587003317448252
1 1.31320753418478
4 -0.0161776722901548
2 0.18756169745273
5 -0.0877617762432303
4 -0.0691632743393357
3 0.0383069854037547
5 -0.00360834380129955
6 -0.0441098700611477
5 -0.101221985447639
4 0.054557902674408
6 -0.0195231889077228
5 0.0137491168144986
6 -0.0676339731756817
7 -0.0628851129560927
1 1.24659025298887
6 0.044731799204726
7 -0.00488247912493779
7 -0.0797625688877033
1 1.54369594412521
2 0.177062193147537
1 1.39278636234667
2 0.197732011025448
3 -0.0532922202016934
2 0.32378807066584
3 -0.0409222412751514
7 0.0331305617765029
4 -0.0531557541057488
3 0.0898695260748114
1 1.30905436589324
4 -0.0356894148759925
2 0.749488484703218
4 0.0648540637917112
5 -0.0436995419011583
3 0.0308836571428549
5 -0.0299757792117389
5 0.0928083604096566
4 0.0313385838041328
6 -0.0559641571445389
6 -0.0450366600112
5 0.0387859467915713
6 0.1009013274284
7 -0.0665401866376647
1 1.33310253106831
6 0.0171122096056545
7 -0.0670794964582618
2 0.200811303459838
7 0.0839722918806187
1 1.26718075956092
3 -0.0165241704170002
1 1.34963489802784
2 0.27921174683349
7 0.0480266944181012
2 0.377055431712885
3 0.0409377649516618
1 1.15568398907107
4 -0.00160655079556488
3 0.0422838083194986
2 0.0883611800964679
4 0.0482915216608752
3 -0.055191646138025
4 0.0350453590891954
5 -0.0200212828443052
5 0.0548286850981689
4 -0.0585215078359594
5 0.0562777071304308
6 -0.0341358095069024
5 -0.0224040008561535
6 0.0740683060153339
6 0.0344103035042976
7 -0.0156982183246646
6 -0.064481250129641
1 1.08894358094055
7 0.0867025226218005
2 0.0169065014557397
1 1.1637623822981
7 0.00577896299666977
3 -0.112739196669034
7 -0.0607213058670795
2 0.199995974939197
1 1.43896149816485
1 1.05427907534612
2 0.289106284042442
3 -0.0136708658015906
4 -0.107117146444836
2 0.0598840286312697
3 0.0688990310768597
4 -0.0396036255001186
3 -0.0831694026646332
4 0.095616291807729
5 -0.106705344497669
4 -0.0857241389376248
5 -0.012490297315665
5 0.0474639221731842
6 -0.104519828566196
5 -0.0974616931949987
6 0.0611984001435775
6 -0.0498475605510825
7 -0.0790772310440437
7 0.0697036214044783
1 1.37128568060477
6 -0.0717305230700003
1 1.2254911249763
7 0.00138288716991058
2 0.293926277316462
2 0.210090410998727
1 1.34297095931553
3 0.0510929953712155
2 0.168367326776796
3 0.0306925752583304
7 -0.0886583393375764
4 0.0374433252457238
3 -0.0714909205734722
1 1.23629884523119
4 0.0392681699872826
5 0.0675199625584908
2 0.182356597322413
4 -0.055077863480535
5 0.0213379548238298
3 0.0258217008771407
5 -0.0759907044174791
6 0.0542390208449778
4 0.0438308994517109
6 0.0481569781150482
6 -0.150174993565009
5 0.00336542640704171
7 0.0536025445508421
7 0.0624713286124663
1 1.03348089371628
7 -0.104140732190067
1 1.30643773571958
6 0.0102005252917143
1 1.05499077391373
2 0.0976581275501591
2 0.242217858723747
2 0.0823947497719837
3 -0.169489506538415
3 0.0128086200690445
3 -0.120907918140322
4 -0.181445700874643
7 0.0192522995956229
4 0.0172743451219363
1 1.21205464612379
4 -0.133422828909153
5 -0.158462073916977
2 0.201367614237325
5 0.0155741360389307
5 -0.0900677649538218
3 0.0090310209734556
6 -0.158082074321676
6 -0.000303119204741759
4 0.0101388694190468
6 -0.096743808386127
7 -0.150100709866345
5 0.00327491604313148
7 -0.00358934648006913
1 1.32605025413297
7 -0.158425434987778
1 1.17250573577944
1 1.25378684747598
2 0.170781053089815
6 0.00978153640472627
2 0.0312883230049416
2 0.231390590556142
3 -0.11102665366687
3 -0.13256933893486
3 0.0823881016466079
4 -0.118553172919403
7 -0.0195088720257993
4 0.0775670988647942
4 -0.128478777322928
1 1.41487032806318
5 -0.109459458471889
2 0.000728873515497439
5 0.0678101500468806
5 -0.134287505434755
3 -0.127430454290938
6 -0.113401447781282
4 -0.138860383330201
6 0.0681788337501571
6 -0.15147823732521
7 -0.08518126095264
5 -0.103034742800072
1 1.37340544177395
7 -0.136878810596188
7 0.0765099142803259
1 1.3261011721718
2 0.186708903525162
1 1.13104421010779
6 -0.114912740095222
2 0.312024172849385
3 -0.0451490261729211
2 0.170704509402103
3 0.108660977238538
3 -0.0472145601957647
4 -0.0658776903171367
7 -0.0571004607382309
4 0.109408523008338
1 1.18103635660838
4 -0.0363537550425801
5 -0.0499160702888565
2 0.188300952258156
5 0.084029517935689
3 -0.0701311250726363
5 -0.022347751008905
6 -0.0504530086596688
6 0.124408700167388
4 -0.0653787392131098
6 -0.0272136942364981
7 0.123913645072963
7 -0.0570275324739327
5 -0.071221080181418
1 1.30726190689219
1 1.403040505098
2 0.315196698309332
2 0.167493456759228
6 -0.0808309836722997
7 -0.0229970292419257
3 0.114306358251652
3 -0.0751966819784942
1 1.51100476649415
4 0.108685698841528
2 0.284858318694549
4 -0.0566028006623354
7 -0.0599813495848543
3 0.0284892684574883
1 1.28811882476222
5 0.109452856371559
5 -0.0793000095952983
2 0.217561053919172
4 0.0496452949339755
3 -0.036665472723824
6 0.116120505330799
5 0.035422916852994
6 -0.0314931527712507
4 -0.0423269752844692
7 0.130000627301612
6 0.0359333193680317
5 -0.0164191795905565
7 -0.119071448325796
1 1.44798500082529
1 1.07249289896906
2 0.222839863018843
2 0.295186590432408
6 -0.0189091172551044
3 0.227745839050646
7 0.0177171471412954
3 0.102089911142727
1 1.45022754100648
4 0.0262852037100293
7 -0.0249909304006946
2 0.151415382009504
4 0.105440802065599
1 1.27580889560405
3 -0.0261648587537083
5 -0.00809609712196408
2 0.259942432849768
5 0.0976391859375653
4 -0.021901871924841
3 0.0482260357547756
6 0.00210498540859468
4 0.0553205775429695
6 0.0862967220727094
5 -0.0371995830720424
7 0.0229061781520149
5 0.0552843206162672
1 1.21419043829627
7 0.108423496694201
6 -0.0485354923535604
2 0.0921027355706118
1 1.34869814470964
6 0.0570389003516463
2 0.348441297426244
3 -0.0700755658859503
7 -0.058629889967824
3 0.0960092946049782
4 -0.090795347581848
7 0.0468998834956321
1 1.51907784047003
1 1.237123033876
4 0.0917374071142406
2 0.274293899341599
5 -0.0783814492549369
2 0.188488618731184
3 0.0513094100958438
3 -0.0500346257299284
5 0.0880867693972089
4 0.0436548460000716
6 -0.0758364190160005
4 -0.0462775738463404
6 0.0882475528883849
5 0.0507695379347554
5 -0.0552210749351467
7 -0.0675561850195797
7 0.105771234348388
1 1.32327236630255
6 0.0644810324628924
1 1.09231897045565
2 0.174017097982082
6 -0.0317040982187988
2 0.131544602566083
3 -0.0343174110651526
3 -0.0834529303287291
7 0.0580394520994858
4 -0.0375480259333692
7 -0.0546293349022847
1 1.36379578914909
4 -0.0841326573863695
1 1.33505427630536
2 0.217219187785722
5 -0.0438138490385679
2 0.251638857944258
3 0.0428642413161042
5 -0.082741163281745
3 0.076910347953193
6 -0.0333940734260305
4 0.0449661677403936
6 -0.0565713729254943
4 0.0635428894242899
5 0.0171484864316011
7 -0.0486954696806424
5 0.0548591293369524
1 1.08147665252741
7 -0.108964137664651
1 1.17229945047108
2 0.135310192192688
6 0.0466111584309281
6 0.0256112396253502
2 0.119185889070839
3 -0.0821029587873181
3 -0.0680112696847578
7 0.0782837103122111
4 -0.0734346733204639
7 0.0560325514874743
1 1.22432333770106
4 -0.0844205768213642
1 1.16657953985694
2 0.30212020101167
2 0.0704532724794494
5 -0.0700091283580142
3 0.0558051035739991
5 -0.111528247542679
3 -0.114877900685382
4 0.0639113053848458
6 -0.0627022803724606
4 -0.0917461337980154
6 -0.106850436168614
5 0.082089369590291
7 -0.0184355883694253
5 -0.104900227797846
1 1.31224888688505
6 0.0622803000243454
7 -0.0765277815104715
2 0.248953901522092
1 1.46785186175827
6 -0.101415253308931
3 -0.000126135240035216
2 0.223708104046554
7 0.0515313290028094
3 0.00223958056158705
1 1.23930008685932
4 0.0127790131791356
7 -0.126054488842199
2 0.296738929566352
4 -0.0100914274546854
1 1.66237288899463
5 0.00761143720834621
3 0.0626047974511995
2 0.270202426866606
5 -0.000895518015514805
4 0.0320789456851698
3 0.0227525373440844
6 0.0262481500685796
6 -0.00799643150207672
4 0.0363832001615536
5 0.02822860015932
5 0.0313899351230797
7 0.0426766400445586
7 0.0144445577152606
6 0.0270162985493996
1 1.12672217463215
6 0.0180785625407122
2 0.180239154480661
7 0.0353257251355995
3 -0.0633468158531987
7 0.0380211366820242
4 -0.0576845137026816
5 -0.0306009807374059
6 -0.0567806514408103
7 -0.0685574266752592
