"1" 0.685486715072082 0.099733502961212 6.69635586780423e-12
"1" 0.716445499932265 0.103798467089256 5.46415164412455e-12
"1" 0.716474935858433 0.101657443024153 1.94974476630715e-12
"1" 0.818092262064846 0.10245776282737 1.5821999845144e-15
"1" 0.798011732165995 0.105403309087887 4.06822852620034e-14
"1" 0.623372984982407 0.106329418645334 4.71578674859898e-09
"1" 0.866157334836942 0.0992818388766612 3.15887600652331e-18
"1" 0.632639449657378 0.100840990139051 3.68994303317184e-10
"1" 0.763818339612163 0.102863426023247 1.22542472234498e-13
"1" 0.578827791276741 0.096067424901268 1.75511335335413e-09
"1" 0.533615836549616 0.098609026057315 6.41318450830192e-08
"1" 0.646713457271597 0.108071749700234 2.25894316762156e-09
"1" 0.716865450373448 0.0995098279707478 6.31964838248597e-13
"1" 0.80098859627413 0.100832901655685 2.19825854422265e-15
"1" 0.743546981796276 0.101398939500477 2.44750307573277e-13
"1" 0.405108649678145 0.101526782986343 6.65514271102975e-05
"1" 0.628046328375041 0.101063157383909 5.38123493014308e-10
"1" 0.693976421640805 0.100271535962178 4.79262365041778e-12
"1" 0.589480824980379 0.0966345820462045 1.10375487252775e-09
"1" 0.57356594695347 0.0967914198185286 3.22226786514535e-09
"1" 0.700938247023981 0.0952171966390662 1.97902929714678e-13
"1" 0.622776009652655 0.0993730888157006 3.84863643420291e-10
"1" 0.494494230949636 0.101109219343096 1.02223312623996e-06
"1" 0.749153229433492 0.101275747214163 1.51608852882063e-13
"1" 0.925395572876383 0.100318818482696 3.49477384515411e-20
"1" 0.71511129085064 0.104351116948085 7.71093305538089e-12
"1" 0.676144730430663 0.0957806924274351 1.79753692686466e-12
"1" 0.856632902569967 0.0970671294389793 1.29818133686728e-18
"1" 0.581084946039216 0.0964225614437271 1.7420040522711e-09
"1" 0.87445721174662 0.0982983825962784 6.91735984056081e-19
"1" 0.661185656959186 0.100955973015845 6.09969752968651e-11
"1" 0.697570806723842 0.0991180086122866 2.09634268135545e-12
"1" 0.712558361802702 0.100528821339676 1.46217776779285e-12
"1" 0.672380950612547 0.0987341221096789 1.03845834655444e-11
"1" 0.6719052177403 0.0947549784338884 1.43228109627295e-12
"1" 0.757848574083064 0.104350931731119 4.1163555832128e-13
"1" 0.598590305538485 0.102049167530406 4.63030730411478e-09
"1" 0.485089495318865 0.0973536033132558 6.38525979530443e-07
"1" 0.61015129501932 0.0995160419792618 9.09001795292994e-10
"1" 0.681827305533878 0.094814176473102 6.93620966849187e-13
"1" 0.7514741517847 0.093211970350379 8.4672716149986e-16
"1" 0.616939043674224 0.102138717644513 1.60024450433857e-09
"1" 0.602116765922897 0.101737029881499 3.3706259972307e-09
"1" 0.774115144986211 0.09408605747369 2.17388128560493e-16
"1" 0.544028209889738 0.0980035443725051 2.91936072735176e-08
"1" 0.836482226449876 0.105207586593479 2.07741677255044e-15
"1" 0.485608417500962 0.102658525191323 2.27573905695287e-06
"1" 0.642539293605807 0.101116636905341 2.19350902551244e-10
"1" 0.745286082681773 0.095540383253779 6.84154429033557e-15
"1" 0.708899587896119 0.100541115323008 1.90963206182771e-12
"1" 0.663339330671627 0.0998562739952375 3.25325980938664e-11
"1" 0.677967452169004 0.0975530780035584 3.91465477853834e-12
"1" 0.677688955666301 0.0992666554637192 9.23541893188829e-12
"1" 0.610163113295326 0.103700820075242 4.15094728028077e-09
"1" 0.699187825365086 0.0978089147437904 9.45730316087138e-13
"1" 0.505250323573869 0.101139675520688 5.97666922526834e-07
"1" 0.523224451109666 0.0998358639819767 1.63468960610567e-07
"1" 0.842914879101382 0.0982543772099796 1.11712712240609e-17
"1" 0.565071383969965 0.0959105749401984 3.9611030627223e-09
"1" 0.470903161233434 0.103503105527141 5.44391475072654e-06
"1" 0.67198822550142 0.101573362854021 3.90661204850717e-11
"1" 0.820438123632968 0.0988668652014494 1.20760578065131e-16
"1" 0.558761552451356 0.101753381321068 4.09784018064885e-08
"1" 0.454982774594971 0.0960215555021334 2.18781037955876e-06
"1" 0.491478971562896 0.0972617161583718 4.43115079213595e-07
"1" 0.756854258018781 0.100326345675092 5.00395847527895e-14
"1" 0.829134422699256 0.101586457866581 3.74380056907169e-16
"1" 0.722115341495489 0.100869162145476 8.76926278993774e-13
"1" 0.721738822624605 0.106551857820602 1.33506930318005e-11
"1" 0.803514736014733 0.0987589163750549 4.62434544171019e-16
"1" 0.542980666280418 0.0992021772128453 4.53165717153055e-08
"1" 0.546220634065564 0.0963890614132743 1.49947139688709e-08
"1" 0.734820021498307 0.0999494072448057 2.12477941402879e-13
"1" 0.728086308620875 0.100458619095731 4.59159709008672e-13
"1" 0.712925785263406 0.0975363260552508 2.91408066927857e-13
"1" 0.682581915583987 0.0952901419835748 8.50211169026991e-13
"1" 0.826312935774954 0.0972650137704712 2.28573108661727e-17
"1" 0.663208295927871 0.103114146625651 1.32540054520582e-10
"1" 0.773651985043162 0.0954167340199568 5.81423397301221e-16
"1" 0.734376284854949 0.0988675147577362 1.2042160889089e-13
"1" 0.661638992209154 0.0974170965793062 1.17755244783376e-11
"1" 0.636265792398059 0.0993372094072888 1.57793472949345e-10
"1" 0.578705839872459 0.0949297705295913 1.1312830719387e-09
"1" 0.517921625129277 0.0979852443002739 1.2815581295887e-07
"1" 0.64654881035274 0.0978328768107213 4.09723826107726e-11
"1" 0.733892138024868 0.0989188393036417 1.28596416248571e-13
"1" 0.540075597152369 0.10106131393824 9.31243203638115e-08
"1" 0.645028076007039 0.100646126224252 1.53967472930695e-10
"1" 0.734997608587368 0.0987398067597337 1.06851590666987e-13
"1" 0.766452827159423 0.102122894683687 6.71754254440486e-14
"1" 0.701370621774283 0.102145392754627 7.02098369145499e-12
"1" 0.884927938986978 0.101636622340244 3.68002900949577e-18
"1" 0.665614472346143 0.103935036024437 1.58796120708361e-10
"1" 0.750182271119479 0.0982508193617388 2.48169606482431e-14
"1" 0.652690905752248 0.103070942956283 2.52867041611549e-10
"1" 0.655674990885162 0.104868019465275 4.22641046953309e-10
"1" 0.681820135319856 0.0984212894622676 4.5755836464502e-12
"1" 0.648278827525385 0.104564652541264 5.90276080406347e-10
"1" 0.689461537699368 0.0990373987183689 3.59939743079324e-12
"1" 0.654498976088072 0.0981355272442633 2.72109284505538e-11
