"1" NA 0.1367009487099 0.142307464036935 0.0701417526608843 0.0596179725039423 0.0478171933102487
"2" NA -0.00586446279876556 -0.00648837058590352 0.00187359799662671 0.00160680448164438 -0.00144198066840911
"3" NA -0.00625953808018609 -0.00851541447048189 -0.00755703915989724 -0.00816450091957464 -0.00586804320901638
"4" NA -0.000685555685447165 0.0104111380401065 0.0111459266064197 0.0116081926857794 0.0110568644880019
"5" NA -0.00797474686957025 -0.00929374859776094 -0.00643709453166446 -0.00259518319893038 -0.00702230260462425
"6" NA 0.00584712055414297 0.00732067333951492 0.00750604747676338 0.00624597458721619 0.0109503305950537
"7" NA 0.00456290449536601 0.000402452105664623 0.00527741528952891 0.00594391768498154 -0.00044607594790632
"8" NA -0.0144774112177027 -0.0119644440621451 -0.0115908316730297 -0.0119354601787292 -0.00405026134599578
"9" NA -0.0160645215037401 -0.0120774190952589 -0.00486167718800275 -0.00434859885391708 -0.00406121103609863
"10" NA 0.00439749291451491 0.00652741149874329 0.00371272256909842 0.00242784774178191 0.0104448425536695
"11" NA -0.00878089462953479 -0.00711024586367957 -0.00489589584661495 -0.00436535776343854 -0.00453020103874404
"1" NA 0.103740645581005 0.132330204543068 0.0619742936326276 0.0300719272179167 0.0176591080673902
"2" NA 0.0114230243459182 0.0113377550887236 0.0203714253488745 0.0184806972426024 0.0199010913884295
"3" NA -0.0107633017883673 -0.0131180915422685 -0.00537911302046002 -0.0043167845044101 -0.00412961515110699
"4" NA -0.00017074238910703 -0.00315221350391996 -0.00110117981781225 0.000422626408036047 -0.000210991578640699
"5" NA 0.0265434313054442 0.0289698360374005 0.0139040027213289 0.0129503455653716 0.0125263838539797
"6" NA 0.0132757012268763 0.0121546104689857 0.0101553924949127 0.00938926541926115 0.00977121356620919
"7" NA 0.017940374380522 0.0130926249907191 0.0143890995547554 0.0105254562968525 0.0123885361625886
"8" NA -0.00536938400944764 -0.00275801769271961 -0.00670775126084068 -0.00898524358137308 -0.00810308798966111
"9" NA -0.00723625451088004 -0.00792641176971575 -0.0093912734378053 -0.0100958035405374 -0.00993529463659944
"10" NA -0.00272457661357862 0.00334963868672241 -0.00880209411796903 -0.00789320253805322 -0.00917729580171872
"11" NA -0.00501758539693011 0.00171885779565592 0.00803111547741307 0.00728027255166709 0.00823349239390578
"1" NA 0.124100238954783 0.146605322716048 0.0611696264503277 0.0415138692440133 0.0456730768379278
"2" NA 0.00138729071642549 -0.0056460819909452 -0.0123844264654993 -0.0065721174996278 -0.00959818861078967
"3" NA 0.00275396259896974 0.00303855720531805 0.00759250080380659 0.00874038363173653 0.00238244942650982
"4" NA -0.00582812858140562 0.0020571921884369 0.00773651320776373 0.00758206598981489 0.00611764648149498
"5" NA 0.011140399174842 0.0178390882487991 0.0150875341220362 0.0129929414426817 0.0137493345858216
"6" NA 0.0198359481950826 0.015871834618859 0.0163065334482624 0.0148640906035424 0.0129654574453763
"7" NA -0.00350265022340539 -0.00258337263388843 -0.00445610784008457 -0.00136892924682106 -7.10060240956491e-05
"8" NA -0.00350593824587721 -0.00561457810428681 -0.00863895346553586 -0.0103762224052023 -0.00819200400874809
"9" NA 0.0103598717886808 0.0155108614895838 0.00502987019648292 0.00802017449381659 0.00666019642954695
"10" NA -0.00102023336063041 0.00169478248801924 -0.00402051125478009 -0.0031324581230628 -0.00334172551718317
"11" NA -0.0184721181830206 -0.00897914863904718 -0.00314025623526319 -0.00135700628268134 -0.00355188890535882
"1" NA 0.138585952670315 0.149844225880467 0.0839699104525531 0.0860058738833991 0.0674486790801359
"2" NA -0.00736674483098925 -0.00525656585623295 -0.00999172921956667 -0.00895572799722094 -0.00882202847438626
"3" NA -0.00503774532213234 -0.0124311676604944 -0.00889095859599939 -0.0100810956578279 -0.00384526213453046
"4" NA -0.0194064139539818 -0.0170971386445223 -0.00657435828304622 -0.00721355959256698 -0.00352256097227789
"5" NA -0.0203555269977798 -0.0133428815255814 -0.00621699649409098 -0.00681442133223132 -0.0125611881126455
"6" NA -0.0100047176753509 -0.00332857267755322 -0.000271358357928376 -0.00192074360916191 -0.0056008912591133
"7" NA 0.00468316675975689 -0.000853767313768678 -0.000824748957285164 -0.00311636115410364 -0.000577243480498175
"8" NA 0.0209745759482594 0.0135856541403793 0.00280010846116035 0.00446964491077214 0.00422128406186281
"9" NA 0.0156907589496698 0.0157738703902788 0.00780465090447499 0.00707094767489188 0.00853888748543505
"10" NA 0.0085771255813531 0.0132070562471059 0.00968101310956046 0.0108257973979245 0.00765418286094811
"11" NA -0.0101630217705403 -0.00621558296041997 -0.00165235750711448 -0.00185689748360451 -0.00203652922634532
"1" NA 0.107750973008253 0.123903969310082 0.0635610877000983 0.0415527600894847 0.0437396587668658
"2" NA -0.0217763819719567 -0.0164803705298897 -0.00988592887972385 -0.00819436796032944 -0.0101238742242238
"3" NA 0.015254348636855 0.0116379892241779 0.00163526617580777 0.00757790903186362 0.00173584593413056
"4" NA 0.016634619342416 0.0134287998688039 0.0117875343887761 0.0129993043292438 0.0113946419802549
"5" NA -0.0236667152821354 -0.0246214026844302 -0.0125687639657464 -0.0173711511404215 -0.0142810548171769
"6" NA 0.0208156143855295 0.0241698502192154 0.0113894021163618 0.00912556150455523 0.0129308771501664
"7" NA 0.00595039604154491 0.00800570365919485 0.00890191890290948 0.00905527405376068 0.00918187547396379
"8" NA -0.00258682354847483 0.00251039802728788 -0.00065460204344512 0.00470226627143735 0.000156676095035748
"9" NA -0.00917049397186526 -0.0138224230060502 -0.012380312127841 -0.0128770941719806 -0.0111825311394749
"10" NA -0.0164591677121849 -0.00604583690632186 -0.00418249836423617 -0.00295793636863086 -0.00347449430124248
"11" NA -0.00607432822266005 -0.00676588738488945 -0.0055304752586632 -0.00394515943857576 -0.00684837335048309
"1" NA 0.105668711560344 0.141824521820824 0.0676905817343567 0.0707765367662064 0.0770196115988464
"2" NA -0.00296364955464403 0.00892546726683917 0.0069953902570895 0.00738073252857549 0.00347246033323778
"3" NA -0.0197667194535848 -0.0185561443661007 -0.0162480683344544 -0.00940046448107989 -0.00510723552359737
"4" NA -0.0130861991942834 -0.0105600052084327 -0.00844615970068134 -0.0129269183445543 -0.00994806423387498
"5" NA 0.00151466064319486 -0.00900449545814831 -0.00996170862938631 -0.00571726939485274 -0.00299527004644855
"6" NA -0.0107548030798411 -0.00847264976635952 -0.0116613235007376 -0.00867858426069457 -0.00629935987041118
"7" NA 0.0161564539924529 0.0123723492574881 0.00485962151383593 0.00304460118171685 0.00210852189917066
"8" NA 0.00688657186518234 0.00366114870078766 0.00501425775508566 0.00531945935647398 0.00884997570029786
"9" NA 0.0105693780918477 0.00441990405097648 0.0101281801188435 0.00787960088744275 0.00589511086698285
"10" NA -0.00899651677924186 -0.00726474325038 -0.00203046552693386 -0.00696816266827491 -0.0108747237637526
"11" NA -0.0071987779060672 -0.00880665081218805 -0.00414829436091802 -0.00505897856493499 -0.00549677826994132
"1" NA 0.122300236265839 0.105061825555951 0.0700698323692097 0.0562473544529567 0.0640787492649941
"2" NA 0.0123501233276073 0.011650800607223 0.00819408066110469 0.00781986047216899 0.00881205033964867
"3" NA 0.0120326683180968 0.0112801457342721 0.0151773309236945 0.0141183694069456 0.0142450308331137
"4" NA 0.0107250567600596 0.0112427826366292 0.00715311516624841 0.00955098691057874 0.00423016327349188
"5" NA 0.000550825705284666 0.000349091593284083 -0.00456463293853554 -0.00936083721397513 -0.00290026750706309
"6" NA -0.00481613686575843 -0.00398296792688658 -0.00667390535890831 -0.00503863756010526 -0.00708262776596573
"7" NA -0.00817240178645511 -0.00796156515186011 -0.0076047611895323 -0.00983598520241999 -0.00497623929358262
"8" NA 0.0109831280175434 0.0104139121041004 0.0109263838742848 0.0133824526005704 0.00819964401938505
"9" NA 0.0160211420625054 0.0156701570167193 0.00771701552815826 0.00820416841436156 0.00446215410508926
"10" NA 0.0003428222649262 0.00018631738009849 0.00186873306950394 0.00310644810071578 0.00341348005954034
"11" NA -0.0205594015569742 -0.0200944773482529 -0.0123868291647262 -0.00947903241291131 -0.0114529624533358
"1" NA 0.119529526408758 0.138112439304985 0.0646078926272945 0.0650949848776789 0.0722125083283433
"2" NA -0.00527231310936643 -0.00407703210725297 0.00564393017074109 0.00605059103356617 0.00129403152486149
"3" NA -0.00846848171751873 -0.0134985495631623 -0.0125438847538849 -0.0109218589914227 -0.0111243476591246
"4" NA 0.0109909087026613 0.00882497876197253 0.00991982076342551 0.00751274704031182 0.00883821914964478
"5" NA 0.015413554123141 0.00865134105312 0.00969916445487685 0.013067988875027 0.00290840838083421
"6" NA 0.0188761316853416 0.00980699359105961 0.0082783031005915 0.00663671273400501 0.00594625945756028
"7" NA 0.0019049643686883 0.00775381858174081 0.00749512999063258 0.00862141800133608 0.003021078582436
"8" NA -0.0031648930739725 -0.00658030638392005 -0.0136384400563405 -0.0123651583052033 -0.00416152006270204
"9" NA -0.0171433517487279 -0.0215206313442239 -0.0145808749800676 -0.0152582044588151 -0.0156263434549505
"10" NA -0.0134839141884652 -0.00654573820179502 -0.00610601006791533 -0.00540259767034302 -0.00734728119050788
"11" NA 0.0108794419375585 0.0142404430737215 0.0102598215567472 0.00949304574281415 0.0118167422832711
