1 1.25337207273998
2 0.124617144160506
3 -0.0350161208198539
4 -0.0191882298299588
5 -0.00341266707413464
6 0.0164921383801156
7 0.0233505351194335
1 1.26413225108781
2 0.207191717071103
3 -0.0491923136781451
4 -0.0633452732128072
5 -0.0314758899951171
6 -0.0405942820662496
7 -0.0736224083228493
1 1.39312838957234
2 0.203871863494282
3 -0.0126129547777659
4 -0.0240333974444795
5 -0.0118460696801515
6 -0.0556184254790516
7 -0.000187486517797714
1 1.37973458386171
2 0.0906962307028517
3 -0.0593645057647798
4 -0.0593105547555326
5 -0.0678423993406191
6 -0.043312031765733
7 -0.0952060888581742
1 1.24452768428294
2 0.317415818070224
3 0.126184429801787
4 0.139789562902548
5 0.128242177427931
6 0.145449876657085
1 1.40098011279076
1 1.21822604274372
1 1.35668481223922
1 1.2112164749571
2 0.127698447914432
2 0.342726963528784
2 0.138507827331791
2 0.214114862869813
3 -0.0808108539252221
3 0.0356257149140896
3 -0.034542383537097
3 0.00669895067301171
4 -0.0286130053158565
4 0.0306183423220748
4 -0.0902459534518174
4 -0.00252100680236565
5 0.0431464429145285
5 -0.0302147131110694
5 -0.0893761092228771
5 0.00222533761680757
6 -0.0314049487632544
6 0.0506126045166716
6 -0.081836351929245
6 -0.0104840672988573
7 0.0265996422089475
7 -0.0668366137975595
7 -0.0543886583745066
1 1.34706046836325
1 1.43647661514648
1 1.45558166615173
2 0.786334895790654
7 0.00526942576008904
2 0.316873391761151
2 0.257698362565212
1 1.30572709378192
3 0.0108595163710283
3 -0.000710037483310349
3 0.0301968689419252
2 0.178082286179017
4 0.00265390766352451
4 0.0382897562526377
3 0.00806453229602084
4 -0.00455510240009002
5 -0.021748433928501
5 -0.00484415772696381
5 -0.0212101870952002
4 -0.0148590303101487
6 0.0190202589474223
6 -0.00784348204439733
6 -0.0385674829468722
5 -0.00263746642823466
7 0.006295687482682
7 0.0214888256909682
7 -0.0122587759092023
6 0.0409758430495776
1 1.11583416290197
1 1.1759954837126
1 1.16388783657016
2 0.225911365383278
2 0.248685382541367
2 0.162606744656027
3 0.0105537954067753
3 0.0586474455373667
7 -0.00381897019446829
3 -0.0455152235323962
1 0.957118848678787
4 0.0280358690006409
4 0.0558279291941826
4 -0.0515470239918884
2 0.112360734003154
3 -0.0506242405419654
5 0.0279297215149149
5 -0.0337699564973199
5 0.0905105109929835
4 -0.0480180109771977
6 -0.027577021936352
6 0.00991944213357317
6 0.0282013690607351
5 -0.0354514721524097
7 -0.0498991793771254
7 0.00422540715606477
7 0.0710926026433347
6 -0.0600157020548007
1 0.995754545549749
1 1.3974768588853
1 1.46756392932889
2 0.105573111934065
2 0.263285113681761
2 0.188602895116454
3 -0.0907879419389615
3 0.0107003395386472
3 0.0628291216538719
7 -0.0492412706790999
1 1.60379108986168
4 -0.0886140212940021
4 0.0636466811145323
4 0.0187834185412445
2 0.389850713540253
3 0.0804651413388042
5 -0.0836671654060797
5 0.0217850543899221
5 0.054228563519372
4 0.0642958437203206
6 -0.0907838765931185
6 0.013112120523896
6 0.0606754753270248
5 0.116068383705364
7 -0.0889920445081051
7 0.0281965413993468
6 0.135593237272213
1 1.36933842647121
7 0.0838747607363253
1 1.571576942484
2 0.136285600404487
1 1.06976287839864
2 0.269144722862429
3 -0.0299938055598522
2 0.0519523010463469
3 0.0832847012825397
3 -0.151440838227101
4 -0.0313883680489917
7 0.0541825466396786
4 0.0750500099278568
1 1.14566486646016
4 -0.137390861731513
5 -0.0277505402809691
2 0.22334362963833
5 0.0745978075784068
5 -0.142021113164169
3 0.0153517602444645
6 -0.0310310403682026
4 0.0051374876738897
6 -0.0926588905338536
6 0.0720844725596166
7 -0.0387116592942505
5 0.00239303022213991
1 1.4652986950438
7 -0.136610627771375
7 0.075786001796297
1 1.37973458386171
2 0.255367811244289
1 1.17916229165413
2 0.0906962307028517
3 0.0169538394872645
6 0.0089580936381412
2 0.207182605092763
3 -0.0593645057647944
3 0.00131692728337676
4 0.0252105750130642
4 -0.0688802204606947
7 -0.00365369762049765
4 -0.00231544395621981
1 1.21241771003813
5 0.0540492960191594
5 -0.0834589016591038
5 0.0105665989100825
2 0.131109684942679
6 -0.0517218735582893
3 -0.0698183028198509
6 0.0267182647782674
6 -0.0113187513662941
4 -0.0845916419318684
7 0.0713924307681688
5 -0.0855125109526563
1 1.42466910819514
7 -0.0231026896090533
7 -0.0909057475051525
1 1.18395932414414
1 1.15683156506969
2 0.226345158020491
6 -0.0811813516256126
2 0.143253514989817
2 0.194948731691782
3 0.0459350628423833
3 -0.11324680218303
3 -0.0154253408672876
4 0.21150245817458
7 -0.0859917569674803
4 -0.0176078234281986
1 1.40801638757382
4 -0.106309322618773
5 0.0638942725412837
2 0.200236164597609
5 0.0206496571833512
3 -0.0535215650240678
5 -0.107824071163569
6 0.0627542400984955
4 -0.0606954140862985
6 -0.0526542191515964
6 -0.128891287248217
7 0.0394890083680936
5 -0.0842966527248534
1 1.2931750390247
7 0.015785925493683
7 -0.102037902404458
1 1.23192654934597
2 0.191427858607491
6 -0.0454029325099797
1 1.44389413132584
2 0.256903565958469
3 -0.0215914333918652
2 0.26095314286495
3 0.120585757278627
4 -0.0290425263350635
3 0.0230028978924588
7 -0.0658167415154727
1 1.22957498062916
4 0.109947660046592
5 -0.0522824349900984
4 0.0119153274205339
2 0.206344878186256
5 0.100564743750101
3 0.0179168975137992
5 0.0328665744693561
6 -0.0196534424332819
6 0.114872971777528
6 0.018333010704061
4 0.0369958493817272
7 -0.00965438870653351
5 -0.00647599865131818
7 0.11180596195516
7 0.026560016553147
1 1.21749504679061
1 1.43852190329023
1 1.34878459252167
2 0.242627086116667
2 0.222833184819434
6 0.0450929727620664
2 0.176034159199236
3 0.116762224988891
3 0.00177350905096036
3 -0.0253781245157773
4 0.107442353287244
7 0.0117357239290076
4 -0.0209289765577744
4 0.0287657424774996
1 1.27448482668125
5 0.113389514031421
2 0.286871588861691
5 0.00331591639609501
5 -0.0105834289687429
3 0.065295610885508
6 0.139878383778967
6 -0.00499648975406434
6 -0.0275459737478312
4 0.0255714377687455
5 0.042208340344705
7 0.0131621522701792
7 0.00707267958680122
7 0.16575074741631
1 1.24452768428294
1 1.20224623033904
1 1.21674392224441
2 0.317415818070224
6 0.0326181113956214
2 0.192599319396375
2 0.0888714801260695
3 0.126184429801789
3 -0.0416242736918195
3 -0.0814232702296209
4 -0.0917733676185387
4 0.123932273824739
4 -0.034361930991711
7 0.0543590783252969
1 1.33459846335074
5 0.123246097060777
5 -0.0297143844061952
2 0.240533884989279
5 -0.0951967125679447
3 0.0601941303375789
6 0.131210429420679
6 -0.0977094096230453
6 -0.0155247155970261
4 0.0596642181032274
7 0.140955131064486
5 0.0571270592164761
7 -0.123924789025588
1 1.17676853863839
7 -0.0414165333661498
1 1.31150292082106
2 0.305612014097609
1 1.49159649108938
2 0.289391261906728
6 0.059465716549503
2 0.258625028470182
3 0.0884576696384655
3 0.0024166311320476
3 -0.0351277134904297
4 0.081400220238799
4 0.00116498305710785
7 0.0497190603590855
4 -0.0351962557073769
1 1.15807357524509
5 0.0990133028878014
5 -0.00358166226161797
2 0.170623044843189
5 -0.0318952268313198
3 -0.0939442445082553
6 0.0741432971330442
6 -0.0039018618184917
6 -0.0207365064320107
4 -0.090412870933826
7 0.0709087846095643
1 0.937001652899067
7 -0.0277541673111618
7 -0.00887133793168539
5 -0.112512119544135
1 1.38231291994108
1 1.18112701411984
2 0.059804080462344
2 0.313578826834625
2 0.178612652165053
3 -0.100265334027999
6 -0.088871843182078
3 0.0352395659100076
3 -0.00878240184275868
4 -0.0993916921179307
4 0.04383356865221
7 -0.130781971473625
4 -0.0119064311914703
5 -0.100161417824443
1 1.1829469709417
5 0.0410746588892383
2 0.0980192483239636
5 -0.00535571885269593
6 -0.111349263403785
3 -0.090984362720821
6 0.0234987033483286
4 -0.108615719769309
6 -0.0215583142989963
7 -0.0616441622730359
7 0.0220758153924632
5 -0.110552309991491
1 1.1069748200188
1 1.68923517387005
7 -0.0062147277343781
2 1.05018802943711
2 0.15623355660126
1 1.41260820134381
3 0.0408054315289408
3 -0.0712218074980801
6 -0.0678155750410628
2 0.298411976411949
4 0.0461952707600044
3 0.0896456132152951
4 -0.0693695239215313
7 -0.0991426162237489
1 1.34728896121448
5 0.0595669709068465
4 0.0818680227785075
5 -0.0792210141217795
2 0.247770550177154
3 0.00244128120747898
5 0.082233189785415
6 -0.0652001326175773
4 0.0084713003251923
6 0.0206681393373401
6 0.0831429015029303
7 -0.0830528825786979
5 0.03726196874782
1 1.42660244173882
7 0.0604169714512078
7 0.0933781069006556
2 0.28486155557756
6 0.0067077638466526
1 1.43547596155739
1 1.02920550964806
3 0.0994100897099099
2 0.0900842883209279
2 0.136438754959311
4 0.091441228169234
7 -0.00309642803685145
3 -0.0984461593230067
3 -0.0984217551719021
1 1.25337207273998
4 -0.0805695555946186
4 -0.108281524725889
5 0.110960841291074
2 0.124617144160506
5 -0.102658248375168
3 -0.0350161208198592
5 -0.109386432346611
6 0.116424412961279
4 -0.0285025037305814
6 -0.119093720041311
6 -0.114773743095542
5 -0.00723757103370392
7 0.110896571284339
1 1.34838337809476
7 -0.132538156061505
2 0.197320669478293
7 -0.0948535308913009
1 1.36408972526589
6 0.0314007951059081
1 1.28520376666424
3 -0.0411731840915027
2 0.325269412028666
2 0.277008007121389
3 0.0480378748056099
4 -0.0386274329399772
7 -0.0220481070380388
3 0.0518959518290964
1 1.27305892561041
4 0.0412641338840008
4 0.0325874377896611
5 -0.0635002206240993
2 0.305358956508756
5 0.0491431895144433
3 0.0780751556832932
5 0.0187013881172449
6 -0.0529259999310495
4 0.0884174455316072
6 0.0553998751396673
6 0.00677179592899032
5 0.100466368469271
7 -0.0326921290574214
1 1.58961470915811
7 0.0402848806557903
6 0.0905596292059802
1 1.21244888507433
2 0.356791090775657
7 0.0357959914734638
3 0.110051883410623
2 0.0949062967456417
1 1.46825099556925
3 -0.0876677099423906
7 0.043897687462839
4 0.114388879388286
2 0.852600622633734
1 1.23518287339093
3 -0.0120768164065421
4 -0.0900181303462571
2 0.711840523266878
5 0.115789825543075
3 -0.0363348531285971
4 -0.018840235848827
5 -0.0636702590839922
6 0.155084728377078
4 -0.0269985322264423
5 -0.0167650725472487
6 -0.0542850577889254
5 -0.031066038703343
7 0.150055913868469
6 0.00863215300279895
1 1.09052497730115
7 -0.0871596632629867
6 -0.0151160988470764
2 0.214415834354256
1 1.19371021673492
7 -0.0159304689538667
2 0.615448862561889
3 0.0140648930116671
1 1.26236279272519
7 -0.043153017553281
3 -0.0617672235981843
2 0.164424927523325
4 0.0240078341178098
1 1.21966035246248
3 -0.0495115762848276
2 0.0466839412570673
4 -0.0676586512976961
5 0.00387519608285447
3 -0.0969584477636192
4 -0.0333444611394005
5 -0.0877442247608796
4 -0.0883365809982505
5 -0.0102253055802288
6 0.00991229364903342
5 -0.0879163851470814
6 -0.0215318439236428
6 -0.0484714235519647
6 -0.105715686782088
7 -0.00743239191239709
7 -0.113746448426255
1 1.35595075065649
7 -0.0843445262416292
1 1.36369020207838
2 0.251272163471202
1 1.27133619182801
2 0.197159640400886
7 -0.103332671572752
3 -0.00447069356032669
2 0.138417973589338
3 0.00900053753949603
1 1.37001525670848
3 -0.0655990984937373
4 0.0041666975910606
2 0.40054146707292
4 -0.00611517255839531
4 -0.0722976285687856
3 0.226781973469839
5 -0.0262719070278881
5 0.00758541386650458
5 -0.0718358006276029
4 0.212879824106412
6 0.0252212277900256
6 0.0157961188505922
5 0.210877798313145
6 -0.0720331353857957
6 0.261446685992068
7 -0.0369775648414692
7 -0.0168972490408269
1 1.22709322533361
1 1.53748257144763
7 -0.0517676367532142
2 0.162499339888609
2 0.292545949669524
1 1.18214790806617
7 0.213113258201174
3 0.0304786038573432
3 0.0982223765481488
2 0.0697540770601697
1 1.25182076068384
3 -0.062258165770832
4 0.019053084668686
2 0.250579933394023
4 0.103542827309943
3 -0.0298453330958801
4 -0.066240307297904
5 0.122701351141794
5 0.0329329660687927
4 -0.0202024859052769
5 -0.0956341169791623
6 0.0277888780826999
6 0.126728023435616
6 -0.0829902310713218
5 0.0194288556639859
7 0.0247089151649642
7 0.120120162320897
6 -0.0454503150882033
7 -0.0687714480939858
1 1.33035536255495
1 1.4097375229101
1 1.39312838957234
2 0.25296246666004
2 0.29198462001322
2 0.203871863494272
7 -0.0364413958592063
3 0.048837037496957
3 0.077293781448573
1 1.26909089334091
3 -0.0126129547777813
4 0.0497448070575576
2 0.280703776092276
4 0.090184639745877
4 -0.0202499771332647
3 0.123584974948426
5 0.0392768972006163
5 0.0745267579885511
5 -0.011401391139314
4 0.121191289142637
6 0.0881986574304943
5 0.136721209420978
6 0.0426256400329019
6 -0.031359118788514
6 0.13789090476342
7 0.0811165907035629
7 0.0726327771357265
7 -0.0283295258025753
1 1.56489670571094
1 1.29877726145905
1 1.17052317037112
2 0.235705278766335
2 0.309029661702154
7 0.126306482735106
2 0.294131443657057
3 -0.0382335739693705
1 1.18652954219536
3 0.132490374638149
3 0.0565525836413932
2 0.697532205004579
4 -0.0517434918006088
4 0.146058776126982
3 -0.0766271753373298
4 0.0851651362373921
5 -0.056387384089408
5 0.123322091179354
5 0.0974663528227151
4 -0.066002637148496
6 -0.0449762318808149
5 -0.0677693421570574
6 0.13349656964311
6 0.0835337895367216
7 -0.0533117106622106
6 -0.0655713995228641
7 0.139863562669044
1 1.04254488715954
1 1.1836698889703
7 0.0892038571471054
2 0.17303841070104
2 0.0912080422922114
1 1.29866208522979
7 -0.0796306054039212
3 0.0300433653360304
3 -0.059448525867254
2 0.281291772165502
1 1.07632015626375
4 0.0106476165164244
2 0.16824302532471
4 -0.0658023610372449
3 0.0704961026075211
3 -0.0520354704291096
4 0.0739538227597647
5 0.029393100613983
5 -0.0658262632598021
4 -0.0573623598293505
5 0.0518893622153957
6 -0.0737409565788849
6 0.00532969701407285
5 -0.0678943954108588
6 0.0484255979685432
7 0.0329119475374526
7 -0.0619496820515179
6 -0.0481259335924896
1 1.26413225108781
1 1.3462288277101
7 0.0438662448354626
2 0.207191717071103
2 0.150856906335135
1 1.27527980142199
7 -0.0355592280740997
3 -0.0491923136781665
3 -0.0935488598818371
2 0.177476986926191
1 1.32920531284863
4 -0.0542722547933381
4 -0.085839933899663
3 -0.0156614798364686
2 0.269244851273066
4 -0.0190025476611355
3 0.0478624941271022
5 -0.0747864125544568
5 -0.0866972414385341
5 0.0183046059553228
4 0.0541004242114536
6 -0.0843853474394708
6 -0.107653267883298
5 0.0641898126179439
6 -0.00228844202503063
7 -0.0375276357051589
7 -0.126902722241833
1 1.15537291177766
1 1.10335010587576
6 0.0525253038962611
2 0.234000422027582
7 -0.0391487829798957
2 0.250482564901988
1 1.4818033250791
3 0.0199598730968227
3 0.0568454691360091
2 0.253247939600078
4 0.0268765798730888
7 0.0237032551786257
3 0.0238862444728931
4 0.0545426294606165
1 1.26689367021115
5 0.000984410279600919
4 0.0124653770553053
2 0.213418367403281
5 0.0358734535072875
3 0.000929025432791218
5 0.016053557537458
6 0.0230726991528908
6 0.0632336490652186
4 -0.00598681176838022
6 0.0213302824039169
7 -0.00169825418211802
1 1.06830525838779
5 -0.00164950029952661
7 0.0755051450579058
2 0.122297440546784
7 0.00177446790445328
1 1.50476657980343
3 -0.0840741344503321
6 0.00900080980073714
1 1.21798610949217
2 0.273020076969174
4 -0.087579396748438
2 0.294295308917687
3 0.0801224434514476
3 0.0858922224348605
5 -0.0929412360232668
4 0.0647064079241229
7 -0.00394138233505473
4 0.0791966455934843
1 1.27029010258571
6 -0.0748835074524326
2 0.262545407829574
5 0.0938065346277182
5 0.1018403009569
3 0.00930499962446532
6 0.0735663921828111
7 -0.0791949105268977
6 0.0769741820679456
4 -0.00173347011829039
7 0.0957340872673468
5 -0.0115191761138705
7 0.0989346939688125
6 0.00295341545401586
7 -0.00629057644423813
