"1" 0.666219882702043 0.0974264535545885 8.54336879232173e-12
"1" 0.79766379159329 0.0984558026896036 6.1257717842982e-16
"1" 0.646495501953521 0.101207932615767 1.76641125972363e-10
"1" 0.493517688905951 0.100057858507728 8.27132992344804e-07
"1" 0.805830489122398 0.104129787577779 1.11278725887389e-14
"1" 0.621486339965805 0.0985142733799971 2.94871276415764e-10
"1" 0.581927573217514 0.103139977567403 1.73065452677245e-08
"1" 0.548987008544892 0.100012713897062 4.14807840583868e-08
"1" 0.627002376260369 0.0987071790442014 2.22629314557764e-10
"1" 0.782894254605626 0.101341587022015 1.23559273023956e-14
"1" 0.506017453410126 0.103607411576494 1.05753802557778e-06
"1" 0.559167492945709 0.0996416167548023 2.06190266198614e-08
"1" 0.563254211416045 0.10109655572668 2.59917261258549e-08
"1" 0.774468169174149 0.102166633373642 3.78549347911386e-14
"1" 0.838616601290951 0.101629958519509 1.78245996672055e-16
"1" 0.605205139510108 0.102939701196588 4.26902376862905e-09
"1" 0.655213391538911 0.0983029680069727 2.79762539724303e-11
"1" 0.822172435929882 0.0950757682863266 6.16705389460751e-18
"1" 0.617680391515038 0.095936850391748 1.26914219794916e-10
"1" 0.424646910576825 0.0965585864005951 1.10603901097238e-05
"1" 0.634343267607564 0.098703411792484 1.36974819522138e-10
"1" 0.66513795429622 0.105901972189826 3.52687928066632e-10
"1" 0.801802677107784 0.0977563937223788 2.68846681374546e-16
"1" 0.653213891334684 0.105546591176178 6.32467851933913e-10
"1" 0.662664548887452 0.0967989310010855 8.10398528883486e-12
"1" 0.633352462305092 0.100642763138704 3.25778822023516e-10
"1" 0.672336770224424 0.101721968337502 4.07399592200411e-11
"1" 0.650405659182517 0.101017439265002 1.26795867269515e-10
"1" 0.722563970599863 0.0951834597508034 3.48382447563745e-14
"1" 0.727561367500823 0.104472917856434 3.5367374535614e-12
"1" 0.721981366178553 0.0975553586901304 1.47609741650913e-13
"1" 0.848953571514298 0.101200925864681 5.65462706980838e-17
"1" 0.696141156791629 0.0976484524149867 1.08861415591002e-12
"1" 0.487325193890108 0.0983471145371325 7.35910596572668e-07
"1" 0.738685198392156 0.100823493649393 2.56588893261106e-13
"1" 0.596608995989723 0.096198700475991 5.82664883735944e-10
"1" 0.495994228986263 0.0995579094900601 6.41136414385106e-07
"1" 0.543811762878318 0.100787885386102 7.00292435969325e-08
"1" 0.58162924331497 0.102472882102778 1.42214843763576e-08
"1" 0.691152581034733 0.0989152614162472 3.00121587859657e-12
"1" 0.411292763479195 0.0965681770070217 2.07348080542201e-05
"1" 0.780527216496987 0.103534486299395 5.20266458087014e-14
"1" 0.709099171547996 0.0994091664473196 1.05697540788053e-12
"1" 0.619795045071431 0.099008194296112 4.02492306573669e-10
"1" 0.720740004830953 0.0974690873993029 1.54602268860317e-13
"1" 0.651209950854163 0.101689975287536 1.59069767556339e-10
"1" 0.693765105175139 0.0977568770490399 1.37312705427856e-12
"1" 0.656014621353505 0.0978572439383099 2.15302357287605e-11
"1" 0.582830819549154 0.0955059899930871 1.0869937042295e-09
"1" 0.561427029574468 0.103502491499536 5.96977496584411e-08
"1" 0.900458046885445 0.0989450567159755 1.0909652490162e-19
"1" 0.64144902950837 0.0977058313055237 5.48737033382147e-11
"1" 0.807694077365828 0.0993682037670496 4.93060048839476e-16
"1" 0.601559769887006 0.100045622657173 1.89389610564048e-09
"1" 0.552189760035721 0.0989182014583523 2.44275820782526e-08
"1" 0.670130266501782 0.103718607723743 1.09382032927836e-10
"1" 0.446410994427695 0.103773035435142 1.71206578697303e-05
"1" 0.812933555483377 0.104490374259318 8.05437024995771e-15
"1" 0.509594426314159 0.0980529653420291 2.0682927997947e-07
"1" 0.7926491120615 0.0977289459363805 5.69427548197742e-16
"1" 0.853221422569213 0.0996661560932628 1.30570923915908e-17
"1" 0.737629335864449 0.0974782705093867 4.19190201109032e-14
"1" 0.775220701499241 0.095367138564557 4.91012771482238e-16
"1" 0.573311597515699 0.0975899008554096 4.38662872281132e-09
"1" 0.587630595547735 0.0978385626420997 1.97383460739066e-09
"1" 0.667220540236775 0.102514068029361 7.99221655017468e-11
"1" 0.649209598576218 0.1001066785092 9.32968189811454e-11
"1" 0.52096181157646 0.106029256091577 9.11006769020275e-07
"1" 0.644747751286518 0.0986378242326627 6.63924190551694e-11
"1" 0.800907552315087 0.10194961104064 4.42490762444336e-15
"1" 0.475215808026774 0.0983236433653206 1.36594849203366e-06
"1" 0.654697194971659 0.0988420837531795 3.70486594073248e-11
"1" 0.499811026047982 0.097009820169886 2.62957183563959e-07
"1" 0.548264528059738 0.100722724381437 5.36776932625924e-08
"1" 0.509303477470353 0.102549847695104 6.94627397544011e-07
"1" 0.631644271150569 0.103093928822935 9.33818846073112e-10
"1" 0.835132227756784 0.105762771200957 3.21104244532344e-15
"1" 0.660869537483057 0.101402988676448 7.54517115491326e-11
"1" 0.51089300280551 0.101149352041867 4.48426846717426e-07
"1" 0.710496040330143 0.101744057117683 3.09076538083239e-12
"1" 0.308480013925977 0.102123342060387 0.0025293232864811
"1" 0.608243260215735 0.100659207578754 1.57678737056808e-09
"1" 0.699373040497673 0.101714224842175 6.57235690673516e-12
"1" 0.711506598672025 0.104648261083973 1.12036685090895e-11
"1" 0.65042416092255 0.095570809214579 1.07007278624724e-11
"1" 0.553159425930563 0.101029382251566 4.48704729121028e-08
"1" 0.600072035492588 0.0989358088325148 1.37049739388811e-09
"1" 0.645442567842445 0.0990048873600122 7.44369651732319e-11
"1" 0.696842913575707 0.0959933084986544 4.21473213467567e-13
"1" 0.751446528361033 0.0958761455432512 5.11208782240687e-15
"1" 0.662570389051758 0.101205049552792 6.19950137928507e-11
"1" 0.821137838793511 0.101418502004338 6.39210687943528e-16
"1" 0.898591701646582 0.0966357544385714 1.75550545574639e-20
"1" 0.696582268853316 0.106474771297582 6.39162840184692e-11
"1" 0.725412542308868 0.103200494070154 2.22929704997951e-12
"1" 0.727825839043492 0.0991138643115976 2.26488933839879e-13
"1" 0.593783936018975 0.0989451323283116 2.03510836990496e-09
"1" 0.622143064278799 0.0981542924279866 2.432949656462e-10
"1" 0.568685031893831 0.098218111690203 7.2739460259927e-09
"1" 0.580628177948258 0.0977305215525597 2.9361292661733e-09
