"1" -0.87383242507492
"2" -0.786377229109656
"3" -0.44027052050984
"4" -0.352910502780106
"5" -0.187575284313742
"6" 0.173228751770727
"7" 0.522343611673221
"8" 0.632377171065408
"9" 1.11013623145694
"10" 1.3008362023033
"1" -0.70892047702019 -0.946561362110745
"2" -0.241564625733209 -0.931114729338229
"3" 0.54581678548779 -0.71829329703139
"4" 0.93615978453412 -0.706679024630801
"5" 1.75780544999773 -0.682454817276066
"6" 2.32841949999004 -0.40472541885213
"7" 3.44632191935274 -0.240151915268798
"8" 4.56084277622053 -0.381240180245511
"9" 5.62112945167434 -0.0338019565277599
"10" 6.56403776260039 -0.031154070701312
"1" 0.638913396316902 0.833366906982932 0.0127387988071635
"2" 0.444260325515962 1.70118453196759 0.265664667850414
"3" 0.958339695447833 2.25957181774439 0.339080586480293
"4" 1.35710074853477 3.43113775043565 -0.0395214070680447
"5" 1.48727407592459 4.50896055776173 0.0673023519565045
"6" 1.65768296122058 5.42449295049746 0.341668110049643
"7" 2.41641843143727 6.68495703597206 0.212768818409323
"8" 2.5111820160649 8.43575891832826 0.00686469302034935
"9" 3.12063496244752 10.3436637817397 0.157143847660967
"10" 3.52488297494684 11.8774951488463 -0.0916208940670768
"1" 0.560641517549854 -0.378067860810003 0.795626486872981 0.67049570708222
"2" 0.402349368719354 0.191415065970371 1.66344411185763 0.341436153180281
"3" 0.911562038991421 0.0816441058600766 2.22313857188902 0.727700622249962
"4" 1.30888092872169 -0.0515611947620076 3.39339733032568 0.0110677126704478
"5" 1.48893978020641 0.440357909910071 4.47122013765177 -0.573154846243483
"6" 1.63470992899625 0.255637606306845 5.38675253038751 0.453027651516896
"7" 2.41155906273483 -0.0133693160362416 6.64721661586211 0.551008868818336
"8" 2.5017742732262 0.107845719423098 8.39932567247293 -0.138680827946277
"9" 3.12469276651732 -0.0392820504306652 10.308537710139 0.469933519903467
"10" 3.48872188881434 -0.534353025297918 11.8410619029909 0.714674500274341
"1" 0.209121519494684 0.81654879531735 0.852161379791914 -0.232895463369361 0.493144453290952
"2" 0.0437745011897518 0.421864700941461 1.71997900477655 0.652979943914193 0.52249420181915
"3" 0.4243110168821 1.24603413768964 2.28390649777137 0.257404656123324 0.690926546734045
"4" -0.357846105014814 1.22745765406879 3.44993222324462 0.484135355097842 1.55387130208647
"5" 0.362374879006637 1.07750490195914 4.5277550305707 -0.318056308936888 1.99074176617672
"6" 0.437597116690435 1.58233887087509 5.44328742330643 0.243944315334195 1.79152292747171
"7" -0.0751238609135067 1.8153980406684 6.70375150878104 0.690777552639304 3.13418494406057
"8" 0.245217819395424 2.10646826599969 8.46009359835527 -0.304495281296516 3.00906213253257
"9" 0.430880292701686 3.35111762477841 10.3735386689847 -0.207291104654378 2.91937178480268
"10" 0.26886774368089 4.04466492645152 11.9018298288733 -0.586184135443285 3.00678384990886
"1" -0.190174288030641 0.769592007137021 -0.643816268935117 1.17278102517008 0.747013205740249 0.836088692601004
"2" 0.00983956225530364 0.027068513027953 0.468746231546842 0.64852656741016 0.610280633811967 1.70390631758565
"3" 0.446018743605134 0.36052958584856 0.303150331995252 1.52891908452656 0.700723758732264 2.27803628817955
"4" 0.73544511343265 0.137586361844728 -0.208049872646582 1.69612772938502 1.53067494339752 3.43385953605371
"5" 2.02095733213104 -0.185649969954993 0.288443867179584 1.01260793696846 1.57731463520637 4.51168234337979
"6" 1.36344352752411 0.339203410308969 0.326108784435166 1.51032515832978 2.13923509565148 5.42721473611551
"7" 2.76410146830057 0.0568558766299599 0.327924661938907 2.1422331156022 2.43827034991505 6.68767882159012
"8" 3.37970889462142 -0.176310368614128 0.145243823833919 2.05947500776376 2.23576677878994 8.45422338876344
"9" 3.59069857183481 0.887970254428982 -0.483070864979444 3.71663872329827 1.85985420615358 10.377870936992
"10" 3.38754775786878 -0.123439780535217 -0.0821748013581642 3.86126554554243 3.23078153613938 11.8959596192815
"1" 0.257150150233953 0.584203243265293 0.115333603094105 0.659390874193011 -0.878447469270231 -0.52695933762067 0.779460971139221
"2" 0.797386262113725 1.45202086824995 -0.0948483406269892 -0.0988884305898048 0.54167884659298 -0.0863602219613915 -0.186836326488853
"3" 1.27334728018246 2.01535825027767 0.112914416422189 0.211382708266077 -0.133232774092907 0.40967608318105 0.605225690382102
"4" 1.49427686838618 3.181974086718 0.445946133533992 0.375518600739141 -0.888380545913765 -0.316030646789961 1.24970071714651
"5" 1.36596404801468 4.2597968940441 1.22311608215967 0.194742106370853 -0.183934902996357 -0.410161510465326 1.14493321741605
"6" 1.21772175697694 5.17532928677983 1.25137575590837 0.351506367617908 0.300848717218936 -0.202611875368727 1.76844274357105
"7" 2.45860071062302 6.43579337225442 2.85977669927104 0.453665856897788 6.18024492200567e-05 -0.467701918439931 1.34653739282078
"8" 2.81715945402105 8.19154535086156 2.52530684322734 -0.0621704896053009 -0.394848552351282 -0.0713568529318645 1.49238237054265
"9" 3.19882714601709 10.1044003105239 3.47188275377127 -0.39959505116573 -0.708962580063885 1.19358710566335 2.0845444006777
"10" 3.49787746970512 11.6332815813796 3.03256529885083 -0.254346340306468 -0.195809931582345 -0.342446296390675 3.26784144434099
"1" -0.87383242507492
"2" -0.786377229109656
"3" -0.44027052050984
"4" -0.352910502780106
"5" -0.187575284313742
"6" 0.173228751770727
"7" 0.522343611673221
"8" 0.632377171065408
"9" 1.11013623145694
"10" 1.3008362023033
"1" -1.40336280422717 -0.571405206389596
"2" -1.27756040423782 -0.520581961583313
"3" -1.13858094491196 0.255976803758488
"4" -1.14014411358013 0.550824256416671
"5" -1.23878050088131 1.38493807990456
"6" -0.889685082651572 1.70260241334264
"7" -0.818965606372533 2.71892145444337
"8" -0.967939460256554 3.43330564481337
"9" -0.620435779578229 4.25022383002278
"10" -0.696350796218038 5.06302543833687
"1" 0.561409678880335
"2" 0.767714110835873
"3" 0.836204691667762
"4" 0.880926586974789
"5" 1.21415772334151
"6" 1.61962734389367
"7" 1.87295597640533
"8" 2.32640122591142
"9" 2.55319155363055
"10" 2.92393152629068
"1" -0.151418432557647 0.324999924210747
"2" 0.159228966203869 0.391678546125695
"3" -0.206397207928795 0.949705042130392
"4" -0.279824799022053 1.17158426598201
"5" -0.0941915008406332 1.64197223175796
"6" -0.0410907377864927 2.43015232521654
"7" 0.0433899620020479 2.86656312419474
"8" 0.244176991039745 3.6122416565779
"9" 0.118138923702494 4.22958148062876
"10" -0.0215753276860296 5.17594004636503
"1" 0.638913396316902 0.833366906982932 0.0127387988071635
"2" 0.444260325515962 1.70118453196759 0.265664667850414
"3" 0.958339695447833 2.25957181774439 0.339080586480293
"4" 1.35710074853477 3.43113775043565 -0.0395214070680447
"5" 1.48727407592459 4.50896055776173 0.0673023519565045
"6" 1.65768296122058 5.42449295049746 0.341668110049643
"7" 2.41641843143727 6.68495703597206 0.212768818409323
"8" 2.5111820160649 8.43575891832826 0.00686469302034935
"9" 3.12063496244752 10.3436637817397 0.157143847660967
"10" 3.52488297494684 11.8774951488463 -0.0916208940670768
"1" -0.331486602255298
"2" -0.207334401421801
"3" 0.318339573070307
"4" 0.208714351974298
"5" 0.323309898144689
"6" 0.751766110666358
"7" 1.02644536567704
"8" 1.27829153768653
"9" 1.6010836892736
"10" 2.05881359301595
"1" 0.959630166486844 0.187591161637682 0.502342031706845
"2" 1.54692084123829 0.488718016450669 0.412995669771277
"3" 2.19647673643882 0.0225538762804702 1.00453832326362
"4" 3.20525217148199 0.0249776680343339 1.0248718723187
"5" 3.74797314262673 0.194716060094663 1.4009282075468
"6" 5.51339698551226 0.106175317178542 2.02933809043744
"7" 6.81018462087216 0.195939245507374 2.19896578425877
"8" 8.30454730520284 0.442467295176197 2.67812024306209
"9" 10.0966107450932 0.224822591250287 3.04184401408795
"10" 10.9407062486966 0.0513125840994869 3.97455757877592
"1" -1.27235148135359 -0.0957103695694438
"2" -1.23760879428043 0.0592001181893905
"3" -0.8337376202392 0.729516383750046
"4" -0.988592696850389 0.72935370810893
"5" -1.05526820370531 1.06427841226079
"6" -1.02832462729159 1.99337125214181
"7" -0.992158374263738 2.56123305471625
"8" -0.699268333092173 2.75046212010508
"9" -0.809874989053792 3.63523220898669
"10" -0.637430340399832 4.46643189234685
"1" 1.03038739826524 -0.0638156163637762 0.354737944321167 0.762991205357583
"2" 1.11852125136255 0.191039802782744 0.0406132901560714 1.63080883034225
"3" 1.48670146024966 0.261561396257669 0.615498059372019 2.19401999137732
"4" 2.05207816625435 -0.117040597290682 0.944575216657892 3.3607620488103
"5" 1.24633719309112 -0.00635773805945291 1.47413186026393 4.43858485613639
"6" 1.85062449825636 0.264148919827015 1.45859285133024 5.35411724887213
"7" 3.07218114719096 0.135249628186723 2.02069920040292 6.61458133434671
"8" 2.20155982483886 -0.0706544972022743 2.52747636114389 8.37020709196123
"9" 2.86796791029648 0.0796246574383479 3.11424277480092 10.2829358306309
"10" 3.77858544183012 -0.169140084289661 3.3031980917349 11.8119433224792
"1" 0.209860375901792
"2" 0.289442830101592
"3" 0.616904981853321
"4" 0.778457452901025
"5" 0.972072935200057
"6" 1.39294161225719
"7" 1.75011838835322
"8" 1.83001818361576
"9" 2.18285655830235
"10" 2.63088088258833
"1" 0.426370416419958 -0.0923685228401565 0.618101858119792
"2" 0.533103285077184 -0.282959403493735 1.29381481638826
"3" 0.915463636206537 0.182801167576063 2.55583130410479
"4" 0.971998472114902 -0.0680894256515748 3.17028770234032
"5" 1.14809142577541 -0.110905427912589 3.6894723633691
"6" 1.61143261077295 -0.0783745463179796 5.82153634328436
"7" 2.26624985900301 -0.236857798739583 6.60499716524073
"8" 2.18421046620533 0.0602723236690182 7.82948684714516
"9" 2.82168027688651 -0.084875022655337 9.36974484925112
"10" 3.21804892723439 0.086889399194547 11.6392261733719
"1" 0.919443387303225 0.0457618043814126 0.203783144872401 0.392391205509689
"2" 1.50673406205467 0.548620290855765 0.381513867971909 0.360508467776441
"3" 2.1562899572552 -0.155796272088101 0.00588317474047579 0.961946799123516
"4" 3.15706922550671 1.16043924166897 -0.326361266812855 0.902906549528869
"5" 3.70778636344312 0.476333760588242 0.0622561793724732 1.33424612357071
"6" 5.46521403953698 -0.0963802262166855 0.0882529464891883 2.02162912607524
"7" 6.76200167489689 1.6774847079432 -0.239533510306131 2.09472036818575
"8" 8.25636435922757 0.663333099845308 0.306250659770427 2.66643462028436
"9" 10.0484277991179 0.436286207185288 0.114681602809389 3.02393290864478
"10" 10.8925233027213 0.51366981529977 -0.107954971517441 3.95693971201277
"1" 1.17361658746527 0.718694116441648
"2" 1.65257018758484 0.592539919713082
"3" 2.08009653817676 0.848000266924485
"4" 2.81276906989566 0.715339373383996
"5" 3.0243030495506 0.930404485963964
"6" 3.33728238693317 1.36594535803238
"7" 4.74034964533968 1.18433006748362
"8" 4.98673382899073 1.17846517781875
"9" 5.76918900227788 1.30998580777171
"10" 6.85280497006111 1.41013055299705
"1" 0.391002280367022 -0.112280411007155 0.719988112462834 0.852341651169365 0.459164000940577
"2" 0.387698147205694 0.217716198359033 1.58780573744747 -0.569170739630515 0.446170934431556
"3" -0.040871510828617 0.307021268648918 2.15957113873161 1.69218210687032 0.812695398737374
"4" -1.3526031441194 0.252628157379566 3.31775895591554 0.960981083854267 1.25849474286589
"5" -0.94598263837675 0.316163914240568 4.39558176324163 0.123838342373957 1.49713581632244
"6" 0.611361636878749 0.259758846921655 5.31111415597735 1.16664844978028 1.53635312276841
"7" 0.205118672138568 0.169613165134006 6.57157824145196 0.234741310389935 2.54401652042942
"8" -0.411728247189941 0.0417012297805867 8.33575823931549 1.07559747241204 2.55274734883335
"9" 0.144419104626209 0.0371300436639733 10.2570412182342 2.77316703454984 3.05704767305852
"10" 0.624110103389368 -0.415940275871816 11.7774944698335 2.84493654278049 3.51203238144061
"1" 0.396620321589968 0.143921512369344 -0.347098778513849 0.606000742015672
"2" 0.564529863709558 -0.88952160200631 0.403882224708579 1.28171370028414
"3" 0.960024950166489 0.100282010017606 0.206566583523978 2.54373018800067
"4" 1.02129586938619 0.296116459459461 -0.586763958732297 3.1581865862362
"5" 1.1455522243738 0.216439897598574 -0.485717078466151 3.67556053100683
"6" 1.61636982092133 -0.0707386891183831 -0.0563466450959125 5.80581379466397
"7" 2.29544131308151 -0.252598731749605 -0.192137066506793 6.59108533287848
"8" 2.18538438248132 0.449478383936805 -0.356176256711495 7.8155750147829
"9" 2.856640032596 0.120475673532152 -0.302336416593039 9.35764373314698
"10" 3.23513394189428 0.566570797090519 -0.423677792822432 11.6235036247515
"1" 0.115932800893605 0.189307287839223 0.37193953004257
"2" 0.0703299226544307 1.27585791191913 0.356261607321145
"3" 0.0986772492035406 1.9708902486115 0.92160876943818
"4" -0.0619147924650379 3.61369942617856 1.11552770475142
"5" 0.0171540964531124 3.95975915998584 1.48038932825346
"6" 0.493790128044789 4.94966940470063 1.60105647042277
"7" 0.233793955511458 7.22812747123946 2.24937910969481
"8" -0.0407978317651958 7.91986867716758 2.61943303046498
"9" 0.0565482362378278 9.15175057050461 3.0718759088434
"10" 0.183211312840291 11.7051031170842 3.35115376225773
"1" 0.966366917040911 -0.275139636806667 0.461155336604612 -0.0200805451219515 0.914477191406511
"2" 1.18495452154011 0.145530356888491 0.371881805339195 0.191110979122911 1.50176786615795
"3" -0.107365890856325 -0.101983216121697 0.96335162816141 0.190109447460192 2.15132376135849
"4" 0.447756509379911 -0.0289250077426369 0.983612346546348 -0.422983839126215 3.1598078737211
"5" -0.146416878951352 0.366538675470364 1.35966868177445 0.144306119046976 3.7028201675464
"6" -0.24722917830521 0.541904810964252 1.98815139533525 -0.301862370727192 5.46795268775138
"7" 0.40060431723796 0.765139544944861 2.15785191982672 -0.919822499710917 6.76474032311127
"8" 0.115960189093593 0.255908918238427 2.63693354795989 0.880528396175581 8.25910300744195
"9" 1.31183602807863 -0.423241070572976 3.00073014965586 -0.0102947489608725 10.0511664473323
"10" -0.859429294094877 0.49598006921237 3.93344371434386 0.150943265532282 10.8952619509357
"1" 0.998577904823973 -0.208570416969904 0.0271658790986379 0.00370518046009012 0.612904334225631
"2" 0.123816307728726 0.283877727471821 0.867731978191368 -0.747316160582991 1.28861729249412
"3" 1.56225578010723 0.0231085185785224 0.469512109266999 0.340909748644714 2.55063378021064
"4" 0.989075591344482 0.0770129271132551 0.983107685922507 -0.180329830281889 3.16509017844617
"5" 1.15822484055501 -0.659316206486563 1.16433294287212 0.374763812013313 3.67463692036369
"6" 2.08706923246541 -0.0534614883514903 1.28779693976507 -0.0775226785890508 5.7970629811677
"7" 2.54287278774127 -0.0316574347173247 2.08971126539606 -0.389584006539639 6.59016172223533
"8" 2.33210046540129 -0.0928822299753776 2.1070126983954 0.212811416103522 7.81465140413973
"9" 3.38545174218577 -0.574266069178649 2.42871106099045 0.354087748898247 9.36454732535696
"10" 3.23490273668596 -0.461938579981759 3.2335135957089 0.576483631896974 11.6147528112552
"1" 0.678282904600617 0.501467993497411 0.123762579212395 -0.162770502942167
"2" 0.847848625939645 0.323628669562771 1.21031320329232 -0.218045514781159
"3" 1.22276663278363 0.231158873640336 1.9053455399847 0.623943932156352
"4" 1.41613439407985 0.091178726400811 3.55364406480486 0.585894834575713
"5" 1.73143644783813 0.0283452112330816 3.90519314586524 1.18571974358905
"6" 1.9184896357319 0.567338450039653 4.89510339058002 1.24259000670803
"7" 2.6233760665205 0.346883841796003 7.16807210986574 1.24020555365778
"8" 2.87887056044167 -0.192594577972448 7.85432396854076 2.01843020727283
"9" 3.39904727577307 0.0996559396368702 9.09169520913087 1.76025263796291
"10" 3.84282487052649 0.264740516698391 11.6395584084574 1.60703611029703
"1" 0.649568480108295 0.792673118327173 0.635979699114985 0.565900256352246 -1.31345932073225 -0.112327131183938
"2" -0.0714365614027941 1.66049074331183 0.608699974962811 0.40964935865484 0.794192183559479 -0.616394341389611
"3" 0.567894172073305 2.2281460827623 0.631986624804242 0.916820777793809 0.611063144483727 -1.29216503045914
"4" 0.678150840751312 3.3904439617799 -0.564255699250749 1.31618091865719 -0.12373438534673 -0.440254381007013
"5" 0.483430720148341 4.46826676910598 -0.791058995732946 1.4941985190088 0.408678710473716 0.0522590759435773
"6" 0.298448616558368 5.38379916184172 0.253277116173453 1.63996866779865 0.140004549383489 0.980207598123265
"7" 0.180523600590321 6.64426324731633 0.5363927078433 2.41885905267033 0.0255551708417078 0.00154454991112938
"8" 0.267965698386325 8.40433318334622 -0.367685432747002 2.50703301202859 0.0520384614286366 0.114425648775364
"9" -0.321020114800555 10.3215061004313 0.664979071747386 3.13199275645281 0.0379512834238063 0.592984958324838
"10" -0.0908402288616076 11.8460694138642 0.973623650642722 3.49806312988292 -0.630175834873382 -0.835702218975233
"1" 1.15507883713466 0.117635503819288 1.16847779608486 1.12288361052765 0.160614154949557 0.514747882681319
"2" 1.48029154336902 0.76778012531727 1.7557684708363 0.826978309479839 0.0830343967583268 0.552481693326595
"3" 0.19543478052599 0.257365547464323 2.40532436603685 1.11895192845191 0.0660857664186403 1.1820556274901
"4" 0.381353562316842 -0.0945083473642699 3.41958524638887 1.75350390141158 0.310705314881692 0.982406705958748
"5" 0.379899255236771 0.828005020293708 3.95682077222477 0.652779423906263 0.0281285702340688 1.77380723019562
"6" -0.0731100606400227 0.520036583589852 5.72773006041915 1.21469591112484 0.190608808535228 2.45727928518153
"7" -0.455815057560778 0.272509159401442 7.02451769577905 2.88173228152834 0.674859450184275 2.18239478238753
"8" 0.104257030981547 1.46075916463327 8.51888038010973 2.02566121820085 0.0610466093328464 3.0292093895713
"9" 1.90873772920056 -0.0154251906200967 10.3109438200001 2.212205781131 -0.078219269142205 3.44442551800001
"10" -0.575541397315172 0.329872028299429 11.1550393236035 3.02027589395775 0.422685719232196 4.3590581807743
"1" 0.61796227172162 0.365745192504693 0.434624391048608 1.05565284080375 -0.464355143091259 -0.0954419747941279
"2" 1.29367522999011 1.18119596345887 -0.0538506775298369 -0.696340397678803 -0.898385696253451 0.829068744812284
"3" 2.55569171770662 0.848646231086877 1.04921344825508 0.385541706312337 0.115990972686495 0.194679342157917
"4" 3.17014811594216 1.37756202261888 0.573771010535447 0.306600505704712 0.331530745461701 -0.804099785582884
"5" 3.68779928333982 1.27950962610624 0.986944069652689 0.335619685808482 0.234304825660381 -0.710101140516434
"6" 5.81832976962396 2.21158715128819 0.987853052762462 0.882900633116413 -0.552935869853263 0.215849275213054
"7" 6.60332408521145 1.99318978415648 2.80198971082463 -0.260176088661757 -0.189575372266632 -0.235399572801411
"8" 7.82781376711587 2.19204751810099 2.16147765550489 0.5238343778343 0.227558020386994 -0.183994385719189
"9" 9.36960526285296 2.78958316989708 3.040115718645 0.85146107467497 -0.0138888514074197 -0.583731921459391
"10" 11.6360195997115 3.38665266402324 3.16110917646207 1.32451648234255 -0.133617547279853 -0.0777499661873152
"1" -0.13276511596389 0.669069345059446 0.440892852079983 0.976581265091901 0.350794931789559
"2" 0.371747775416325 -0.373305647465542 1.34311251283298 0.058704883539262 1.43734555586948
"3" -0.187338656202963 0.917663776303156 1.19583830676218 1.06215850700124 2.13237789256186
"4" 0.19156678315186 0.787071491714697 1.6374477057933 -0.0374640344759332 3.78951812122053
"5" 0.0798673897147915 1.19634809487508 1.83611975330715 0.523141256124757 4.14990890611944
"6" 0.442469754936165 1.76973511739624 1.81206707909862 0.835408937669511 5.13981915083423
"7" 0.448551594501268 1.75263265086252 2.90108365842679 0.269389764724231 7.40394616628145
"8" 0.497257549725239 2.61440170204601 2.92051163839296 -0.836442252228528 8.08135632111793
"9" 0.0649313191825609 3.05211104484121 3.25644388148265 0.338695857631012 9.32756926554659
"10" 0.254555766682433 2.6801749209384 4.08611358368086 0.448707295223995 11.8665907610345
"1" 0.627954176796876 -0.133641010115328 0.875802544815338 1.11091813614747 0.285169166080966 0.775133277136296 -0.945810290207649
"2" -0.0349986105705362 0.709419651357948 1.74362016979999 0.421486209057136 0.12052090630025 0.34295337393552 0.933079415607926
"3" 0.363590889461057 0.814590429532942 2.31733630650671 1.38826000892351 -0.0586990545320531 0.577774468129082 0.833429367362092
"4" 0.650023317212717 0.704058670391508 3.47357338826805 1.89919174127668 -0.726670679155959 1.29725284590646 -0.0788886200189756
"5" 0.251414744563509 2.03326192447764 4.55139619559413 1.03733184405183 -0.549885782942733 1.72092176625385 0.634401148604261
"6" 0.552430538194996 0.930872260727875 5.46692858832988 1.78144986009602 0.335170154130127 2.24530805294849 0.182730401623963
"7" 0.714082684308784 2.53306103829259 6.72739267380446 1.8259127025447 -0.148519102004371 3.25553825654248 0.0642419176222158
"8" -7.87836699435995e-05 3.05323452251236 8.49352340709059 1.83653906016952 -0.0934673275361799 3.06676312902298 0.223777466332635
"9" -0.338112254301213 3.80434331989607 10.4167571214319 3.06166375962988 0.874132478440923 2.68693727090279 0.120777251558706
"10" -0.0130805628602941 3.86833863436945 11.9352596376086 3.94643304514082 0.41819436107127 2.73511916226767 -0.633811371498965
"1" -0.546467699297187 1.13899389319991 1.57557546449155 0.984023035480421 0.466409099106948 -0.194157703776049 0.482533693699052
"2" 0.0699320021232422 1.61749066641532 0.275918810006411 0.979168438233171 1.30755221077565 0.049019140450303 0.996166443010468
"3" 0.0649204689520542 2.62847657839625 0.983043239648803 0.056497388337573 1.11377140015538 0.949404150751956 1.15769643067208
"4" -0.0216801856900212 3.06823930492121 1.57815900114574 0.129362837392933 3.41152901112758 0.506787012138756 1.21413809017877
"5" 0.202274368426469 3.82142069348528 2.19964339835847 0.258822159217939 3.50188981890742 0.943652213912154 1.33220573397762
"6" 0.149910984812815 5.49834778273379 1.36726369495474 0.143395451546576 5.43509194299918 1.53437707682214 3.15705155835312
"7" 0.35642617607437 7.18582524910424 2.75328192016865 0.116408116942679 5.82026997266773 2.21473819393785 1.83202534053918
"8" 0.494290118702192 8.16401086329718 3.09633319492036 0.471600273652506 8.51904582065317 2.34928418701679 2.7790454835277
"9" -0.298499969961536 9.76163048839438 2.68395147299741 0.829100954464404 10.7648114950608 2.92191610485418 3.53703215827533
"10" 0.73618561396307 10.6958481182489 3.17345327321964 -0.55260464376179 11.3986220374117 4.09749989685574 4.55776543720751
"1" 0.202533458128153
"2" 0.259612520501551
"3" 0.607911378116856
"4" 0.742332564308603
"5" 1.05614782577722
"6" 1.13502069287625
"7" 1.54823487557079
"8" 1.66617792992231
"9" 1.97066097162607
"10" 2.43651417164345
"1" -0.253468013271459 0.489414051813403 0.66972372206551 -0.309381569848016 0.519505328842319 -0.421496832759263 0.0300180859303809
"2" 0.590423528308142 1.16512701008189 0.120705721741979 0.434385537187219 0.508087325042348 -1.20710522992001 -0.218884253788134
"3" -0.000136544689587341 2.42714349779841 -0.478635862539219 0.553018847174409 1.04568592991581 0.148050026468825 0.307616200168676
"4" -0.918545509668364 3.04159989603394 -0.559782419592169 1.27662434054253 0.869827568071674 -0.187834483964373 0.92552858689739
"5" -1.05325099355717 3.55741007942105 -0.0292797289621498 0.121567952991354 1.46770219237938 0.272441769253059 -0.151532038586455
"6" 0.0198566552121105 5.68609958169465 1.44167491837055 0.476719398480061 1.89285849089965 -0.541915341563168 -0.367331349420773
"7" -0.0466782870309509 6.47293488129269 -0.310625680346158 3.00799797207493 1.9668524238167 -0.14606635369395 -0.758045790746299
"8" -0.265610584266968 7.69742456319711 -0.0926800653997912 2.43111548696113 2.05807150048363 0.0602304554945045 0.315739068880019
"9" -1.02293571094502 9.24105704294474 1.09676091425673 2.99989618167982 2.74414371448259 0.207961840671141 -0.439452992979297
"10" -0.548825831851442 11.5037894117822 1.81360146537471 3.44269654344851 3.04824520799098 -0.349664014210359 0.657155835509206
"1" 0.281210902537906
"2" 0.329464583762222
"3" 0.635957103482094
"4" 0.867892598787651
"5" 1.21283700641938
"6" 1.30603568445163
"7" 1.7470056661238
"8" 1.78515346847531
"9" 2.07616964628922
"10" 2.4896217678572
"1" 0.587353997607293 -0.457697146529459 0.272706719411675 0.890238358889906 -0.0042896962291609 0.189697066241061
"2" 1.26816404897262 0.25112761146675 -0.155819977493885 0.272786184205655 -0.150385322912112 1.27624769032098
"3" 0.339347782266335 -0.684527623533602 1.30602524191717 -0.0117840046313062 0.748146071745927 1.97128002701336
"4" 1.12303867225425 -0.30775439655428 1.14608100442559 -0.531351593786509 0.487723214369095 3.60988586269049
"5" 1.82018096862189 -0.73514198305044 1.30821155069633 0.957550473725626 -0.102593945432235 3.95174225460784
"6" 1.38640800783194 -0.502125330904218 1.76490542815312 0.926591428087845 0.90302610084871 4.94165249932265
"7" 2.5033789240492 0.091699836316865 2.13035776450206 0.246275970345484 0.374043762676006 7.22431390775139
"8" 3.22070640541317 -0.0740116268576326 2.29036621215998 0.111742219553277 -0.0731763619671895 7.92025845556942
"9" 3.1508560629509 0.582158458318677 3.0578663597988 -0.476751559554493 0.141505966332803 9.14793700701652
"10" 3.95905615189373 -0.238369195108589 3.02147220865199 -0.219431530715897 0.806303135167374 11.705492895486
"1" 0.968691589357376
"2" 0.954787587757038
"3" 1.1973177850671
"4" 1.33577381783406
"5" 1.55586945461903
"6" 1.8921300072722
"7" 2.19700085449309
"8" 2.5701443779279
"9" 2.7403398736342
"10" 3.20257397104817
"1" -0.142395778214908 0.00352699638882791
"2" -0.133289659936352 0.815157015491493
"3" 0.112371484332852 2.08719529322173
"4" 0.18213626938684 2.64212685971544
"5" 0.405876230640637 3.60522259317964
"6" 0.359265343361473 4.81344924968232
"7" 0.663816263225413 6.20463279785234
"8" 0.702567765503932 7.35809428073652
"9" 0.890144572627258 8.71473343366409
"10" 1.06707133162442 11.7809246028635
"1" 1.09735202690391 -0.12756508532613
"2" 0.775770702383574 -0.0382186256857521
"3" 1.52663129868631 0.276522001876933
"4" 2.2002426384129 0.401760064783693
"5" 4.38582894966509 0.542188705346489
"6" 5.09668197962614 0.595570291340425
"7" 7.30737083560022 0.81109367324749
"8" 7.54125138646419 0.798682223143822
"9" 9.37627438218658 1.11982027286668
"10" 11.277809283304 1.28149635551222
"1" 2.52596965865349 2.17023648419665 0.897699740918802
"2" 2.15507301957072 2.82976700394075 0.756298495994235
"3" 2.27883207249317 3.46744819600729 1.00287402466507
"4" 2.25452217806505 3.80551171062134 1.03528695322703
"5" 2.54861060816788 4.11906473313393 1.34278396667677
"6" 2.60804956136128 4.80494250844589 0.643835597447905
"7" 2.8229387093754 5.57022902745752 0.839717629073978
"8" 2.54988397975044 5.98777498449494 1.11315071225429
"9" 2.83994360485065 6.71993366222326 0.870520219965714
"10" 2.9091269945274 7.70508921757672 1.14598971335765
"1" 0.910827261584698 1.41746111481804
"2" 0.655850119708993 1.8512643737291
"3" 0.71599331558683 2.50859997782349
"4" 0.879142377012058 2.54413251141746
"5" 0.847270774659997 3.28923232397881
"6" 1.06499389885253 3.76954712536299
"7" 1.23007227436599 4.35305423535735
"8" 1.35935740980561 5.16005594975214
"9" 1.18361191352137 5.99173496018625
"10" 1.31950540665752 7.0410085073708
"1" 1.23987435476212 0.186187849440115 -0.112489394467017
"2" 0.918293030241802 0.251948678918932 -0.00427443069740363
"3" 1.66915362654452 0.843387985691598 0.11012731991107
"4" 2.34276496627111 0.919918392308017 0.253311441436338
"5" 4.58090144355762 1.48226183683607 0.0456982056200771
"6" 5.23920430748437 1.78498063286806 -0.0793699100027336
"7" 7.44989316345848 2.11624003375088 0.0330546235168742
"8" 7.68377371432245 2.31691312614864 -0.160334493794774
"9" 9.7289973741819 2.81986433949342 0.0468831246511252
"10" 11.5779821092651 3.24532051260529 -0.0234849314901084
"1" 0.586628335343079 -0.446586322226677 0.646277563052919 0.109050412031536 0.653296626162076 0.0725065069763185 -0.520961167885042
"2" 0.382727373382022 -0.148283227112469 -0.324962267439766 1.19560103611142 0.248181785637328 0.279905466246642 0.806804188120497
"3" 0.362598914800231 -0.552544976130523 0.638287053734067 1.89063337280382 -1.09987952434249 1.49235726176766 0.783779378854125
"4" 0.482657522729709 0.0192459921563411 0.0567061521075801 3.52391665257717 -0.377281568308724 1.76791129576823 -0.326314330421401
"5" 1.46060279218851 -0.909394361009777 0.125601596987941 3.86045048859073 0.554175162504947 1.445126891851 0.685959131564284
"6" 1.06965178771927 -0.366776870718264 0.639935232298293 4.85036073330553 1.15010688490517 2.14129398324574 0.931312100433846
"7" 2.1741962959222 -0.145685979477312 0.0969196429519113 7.13834469763808 0.851194384344453 2.28035776854487 0.486361712121757
"8" 2.8106872525325 0.162265876261208 -1.04366855950301 7.83961180135989 1.14007748839746 2.35091501928451 0.502315583712312
"9" 3.23516438649945 0.535822361015612 -0.0510932620816909 9.0619677969032 -0.0789236808786974 2.83928103506179 -0.504623520269227
"10" 3.07587005073127 -0.010362796917833 0.265629578086434 11.6248462412765 -0.33570317028613 3.60831020167451 0.55761412992585
"1" 0.50384902802358 0.056007915171886 0.655111330693554 0.501548481401975
"2" 1.31547904712625 -0.195205030473616 0.51591141335205 0.802692205535979
"3" 2.58751732485649 -0.0405405098833922 0.37989435457466 1.33877653270474
"4" 3.1424488913502 0.466451753318813 -0.0126498064042193 1.3584384808611
"5" 4.10554462481439 0.24526541105065 0.879872402977349 1.49836300062932
"6" 5.34824598227848 -0.160427502974005 0.452210034184295 1.92543759576245
"7" 6.7049548294871 -0.323111209171972 0.937686779495463 2.46757883752539
"8" 7.89289101333268 0.125029797125233 0.109024339215568 2.73280114944325
"9" 9.31847956818304 -0.490276558374141 0.685937157983277 3.24951914288419
"10" 12.3157213354597 0.284713829241224 -0.0333585383751957 3.54328766831975
"1" 0.25309054852566 0.156733850905327 0.661468546235506
"2" 0.377841561954025 -0.118033620493472 1.39726183351253
"3" 0.826671131599327 -0.0806612480555836 2.3907159295536
"4" 0.835556943635015 0.0173368729282378 2.83699320637808
"5" 1.02943932826296 -0.0101913948037359 4.8128105721591
"6" 1.62048396303295 0.102612486024036 4.69688589176101
"7" 1.99463726709782 0.103352245233956 6.38286541758848
"8" 2.38351235988802 0.157772032352918 8.14911827925341
"9" 2.77370932761154 -0.0449622442254969 9.44153981424197
"10" 3.39596549512548 -0.095409393455252 11.6895087985471
"1" 0.245226297620878
"2" 0.29769135684884
"3" 0.546785381036462
"4" 0.69280202436552
"5" 0.993058935785314
"6" 1.17717375251998
"7" 1.58604763604008
"8" 1.73891386738845
"9" 1.93797167299354
"10" 2.32244561196431
"1" -0.112728269862712 0.10590632229884 0.317418374208179 1.24043712173028
"2" -0.00451330609306344 -0.115867219773021 0.862403156271429 0.918855797209953
"3" 0.109046906693507 0.837873337443645 0.847201919564498 1.66971639351269
"4" 0.253072566040661 0.813991006503628 1.09389201484795 2.34332773323926
"5" 0.0463008680462652 1.17438134060377 1.99282397675581 4.57725652141635
"6" -0.0787672475765189 2.10713447619683 1.23987528804014 5.23976707445253
"7" 0.0336572859430755 2.38663307427143 1.66020781967627 7.45045593042663
"8" -0.159731831368593 2.28181464081788 2.37283858123249 7.6843364812906
"9" 0.0474857870773123 2.89765918949363 2.67921885747351 9.71272938471234
"10" -0.0228822690639392 3.73220260484038 2.4284732123398 11.565921808905
"1" 0.430533306245496 0.327170198266928 0.27248320216745 0.515314941741256 0.296623160226189
"2" 1.24216332534817 -0.548751479350688 1.12109648114145 0.345344742680493 0.32741048573442
"3" 2.5142016030784 -0.408526049104569 1.88375886356166 0.535802232433691 0.354374031079227
"4" 3.06913316957212 0.185643759291493 0.986791305908663 1.51736389540725 0.220899183412015
"5" 4.03222890303632 0.962236191203493 1.50667179271487 1.34106354521132 0.257187360871924
"6" 5.27505766862494 0.0990117194090847 1.6873416160053 1.97668870227198 0.0309435472693665
"7" 6.63163910770901 0.00624258417170651 2.9138379464984 1.81505570941654 0.255225665967128
"8" 7.81970269967914 -0.632353948235206 2.33132389409774 2.91064006520719 0.345259900659403
"9" 9.24554607077857 -0.892314525584015 3.35278079881357 2.90890822481792 0.336539267318889
"10" 12.2425330218062 0.19957687149171 3.74402982656232 3.16066523995738 -0.0241190561793174
"1" 0.502821219498778 0.24915010824598 0.758654742872256 0.15089127855877
"2" 1.19312911468898 0.373901121674365 1.52477162487388 -0.123876192840019
"3" 1.50215740234081 0.822730691319632 2.97594107782116 -0.0859884859293129
"4" 2.74928009732271 0.83161650335535 2.8868899245606 0.0116660787392992
"5" 6.20105657632833 1.02549888798327 3.8815975174853 -0.0156904108350725
"6" 4.17642555024935 1.61675824545027 5.03528076491441 0.0965981355198919
"7" 7.43437660807417 1.99091154951516 5.67471075405704 0.0973378947298141
"8" 8.76897224680326 2.37978664230535 7.72730361303248 0.15175768184876
"9" 8.61544949386124 2.76998361002888 9.98511949128814 -0.0509765947296426
"10" 11.9704498512738 3.39202505484578 11.4950675601883 -0.101423743959391
"1" 0.0977238777467296 0.620977474760131
"2" 0.161735809665766 0.915386294162963
"3" 0.311599022810891 1.97109121413446
"4" 0.43657630844077 2.21999567315743
"5" 0.577506532188856 4.04065917722135
"6" 0.608733302756365 5.68723281305907
"7" 0.887502337845259 7.09411752526277
"8" 0.953825808987655 8.02586859846488
"9" 1.057920086501 9.42546377129034
"10" 1.20467654448901 11.4305966175139
"1" 1.1604315541525 -0.398372116857936 0.434051789459855 -0.294873759474128 -0.0473317782251292
"2" 0.838850229632162 0.296406481542695 0.353308660549927 -0.0500525364090719 -0.363869791257253
"3" 1.58971082593491 0.046064086273084 0.895057146518413 0.605218214346314 0.0165800627110901
"4" 2.26332216566149 0.396159235905408 1.14146072252764 0.471027639816133 0.00800902822792383
"5" 4.50703543634769 0.583764266333716 1.69687754288006 1.04183695833661 -0.487719777420523
"6" 5.15976150687473 0.2055884683395 1.68259128660649 1.73820281096398 -0.429503019601943
"7" 7.37045036284883 0.072363725183267 1.45288301647735 2.75199114675046 -0.139194527110199
"8" 7.60433091371281 0.335852634936274 2.45645261946256 1.96824806320816 -0.663426353675559
"9" 9.67186174717109 -0.077612731486615 3.06965441291276 2.3457432232014 -0.00674864273850942
"10" 11.5152696888545 0.547898759162411 2.76545970869304 3.65679847594107 -0.581029474141645
"1" -0.000433682625821493 0.061675705610396 0.532169452430546
"2" -0.113367884968741 0.398991779933834 0.826578271833384
"3" -0.0193721406470339 0.592628591819738 1.9344046663818
"4" -0.110050025890132 0.987174841040863 2.13118765082786
"5" -0.108896221483423 1.30282558896566 4.00397262946869
"6" -0.446720037302818 1.82142632980526 5.5984247907295
"7" -0.054412147610671 1.91918069070736 7.05743097751011
"8" -0.153831110252715 2.19268220408032 7.98918205071223
"9" -0.1397175437107 2.44834347624054 9.44089869811463
"10" -0.317393995427157 2.94851959678223 11.3417885951843
"1" 0.668114152830038 1.27638726485416 -0.0258784537353785 0.401739854887035 -0.280764209477438
"2" 1.40390744010709 0.255061273678877 1.05103925201254 -0.111888360449074 -0.233948863938478
"3" 2.39861654922504 0.163318925723291 0.595141696066257 1.15868695643964 -0.100700194834647
"4" 2.84363881297262 0.0767128949573529 1.42512572603108 0.454507897926459 0.0817125774238881
"5" 4.82196620490738 0.0903511208365047 0.933420869030593 1.15471874861825 0.111372463780129
"6" 4.70353149835557 0.647431908067015 1.50135757284282 1.84836747145945 -0.052975745679653
"7" 6.39076603725989 0.925606755570695 1.85381725530573 2.10021597880174 -0.103383212669257
"8" 8.15576388584797 0.379564254679583 2.10247121379189 2.80615309460482 0.201352757502678
"9" 9.44944043391342 0.155214012967155 2.5745289921201 3.10408557986717 0.0582657804542611
"10" 11.6974094182185 0.785061997120844 3.88968783674941 3.13232234968799 -0.361412013193128
"1" 0.858046039368121 -0.0121672802186806 0.767053540118253 0.700962573409064 0.555471524144627 -0.75243308405278
"2" 0.553899346929815 -0.421622601236657 1.03302459816085 0.634490924148622 1.36710154324729 0.789736366631402
"3" 0.879854751378955 -0.307322976919415 1.40791521795415 0.635551740881155 2.63913982097754 1.71617091935967
"4" 1.43119466329275 0.355103662128968 1.43424904317348 0.14602409042662 3.19407138747124 0.920320664879535
"5" 1.46511538017982 0.0451770849864965 1.73533699398982 0.966185794579525 4.15716712093545 1.10109088966802
"6" 2.58267870066198 0.0364004978651299 1.14436303823109 0.140286359580673 5.40815061224988 2.09403376018702
"7" 2.06803543678297 -0.0532335452889024 2.85341947824531 0.488253887769144 6.75657732560813 2.28887375218356
"8" 2.7860987209664 0.174726581908237 3.04743924107493 0.00318376969703418 7.95279564330408 1.89639462518723
"9" 2.83885156939911 -0.526472459073467 3.41077206604833 0.536197577592726 9.39494846585513 3.41048227473721
"10" 3.08853455472941 0.400474912160778 3.88903674867287 -0.240536608293563 12.3756259654311 3.59111957144088
"1" 0.235797085514065 -0.216867688687898 0.314729755552432 -0.0840847514299042 1.26890675221165 -0.326656937160007
"2" 0.301557914992878 -1.32433607650507 0.0851020847522918 0.176072662193112 0.947325427691312 0.514820344252458
"3" 0.892585310800853 -0.173583232662361 0.0122176348129311 0.129682562381976 1.69818602399407 0.567153992119257
"4" 0.969527628381963 -0.910516602846494 0.0793097005722528 0.358072973656142 2.37179736372064 1.09929299769227
"5" 1.53187107291001 -0.534050609513933 0.893403432744106 -0.438377532488942 4.60828619714842 0.426489646550641
"6" 1.83376604701265 0.658371177909593 -0.321610231820069 -0.471491830736387 5.26823670493389 0.677857379913611
"7" 2.16543735886015 0.146033537037559 0.452784284042297 0.150308998264592 7.47892556090799 -0.420983614754508
"8" 2.36652236222258 0.809507144015638 0.0534302831535584 -0.501090482945058 7.71280611177198 -0.0944923941640909
"9" 2.86823784267333 0.149639759645772 -0.843534162127369 0.199356609381396 9.75143919619657 0.961518294416241
"10" 3.29451783771455 0.530160076212336 0.249125160462702 -0.521516395656148 11.6020715751385 0.435725894047951
"1" 0.415680895907572 0.512957322957413 0.0485375762507368 -0.31477394032202
"2" -0.514347793756487 0.807366142360254 0.387330289344597 0.170091198238318
"3" 0.31269084795797 1.92109909199038 0.579490462460075 -0.268773967649081
"4" 0.509708793363486 2.11197552135472 0.976989989222045 -0.571856802728575
"5" -0.366408718519981 3.99066705507725 1.289687459606 0.0686359238756247
"6" -0.699151229648096 5.57921266125636 1.81419475552729 -0.276940943673084
"7" 0.250438528977754 7.04412540311865 1.90751920011812 -0.288181993553583
"8" 0.149008909948529 7.97587647632076 2.18102071349107 -0.386144963639398
"9" -0.143023891592398 9.43349967880488 2.44111190196257 -0.150339199520119
"10" -0.0989258530251188 11.3225764657112 2.93538146742256 -0.488610971786874
"1" 0.282986668362745 0.0589512509699926 -0.27379217059344 0.581389595053525 -0.0854815180619019 0.999757693334946
"2" -0.156303564572831 0.9520511104273 -0.530808861616448 1.31718288233055 1.38149058087497 -0.354900628851537
"3" 0.911958687036055 0.0323950926189445 -0.368217962479824 2.30640277907651 0.611765706583348 0.214039672196144
"4" 0.579832143554793 0.323941227888848 0.12606534189187 2.75691425519608 1.34692094855895 -0.585708170202067
"5" 0.889700902272932 0.13206716086661 -0.114886441568028 4.72426322238685 1.25146595109528 -0.0148047828675149
"6" 1.60546074438306 -0.756684898241628 -0.0619830269064217 4.61680694057902 1.70207455145129 1.03084809192192
"7" 1.94287691800144 0.163971393213749 -0.376429968904769 6.29855226711137 2.01450045701162 1.00291478740637
"8" 2.67691458557754 1.00113202684984 -0.101225143171901 8.06903932807141 1.71286108121458 -0.0249828449184234
"9" 3.03431868604253 0.625890261184223 -0.459104049714228 9.35722666376485 2.18612442562953 0.282677933155865
"10" 3.20510548091838 0.50527907261626 -0.487711354929863 11.60519564807 3.93303118371484 0.225393480773481
"1" -0.331762458639275 0.0762008204246281 0.907110170116912 0.684316837789763 -0.208282330765686 0.678043595651026 0.479262449377522
"2" 0.0185140872076507 -0.472387307323616 1.107154864012 0.471991380173607 0.610589376866939 0.43534266393044 1.29089246848019
"3" 1.08315899942407 -0.347670145211766 1.39314308288538 0.154691059953939 1.77219090280312 0.160433580440767 2.56293074621044
"4" 0.421990286020484 0.693346703016034 1.32485775041734 0.776154000106617 1.57949402940005 -0.0634222908856835 3.11786231270414
"5" 0.684745905788738 0.139047544410454 1.56637609206856 1.2330624159161 1.5085607331525 0.642121451527005 4.08095804616833
"6" -0.948389962188763 -0.183513064526476 2.17782574905484 1.5602868194837 1.74568196184228 0.532365730225834 5.3278735150356
"7" 0.244802710329384 -0.575592151169006 2.49593426480616 1.65399278606648 2.77268488412716 0.63584654672042 6.68036825084102
"8" -0.314664217412291 0.535303990905084 3.43850658336091 2.1494228611806 2.15683457263937 -0.0536148044296609 7.8725185460898
"9" 0.772977853361852 -0.923853874483603 3.69915694070137 2.5504717551444 2.99236266982853 0.279037069180961 9.30653532374648
"10" 0.328466455326714 -0.150309913539156 3.60564511070971 2.96870458737874 3.70395925070142 0.120083787840715 12.2953488682168
"1" 0.260432166753135 -0.126591505154432 0.179524100794495 -0.228118851744819 0.47148652282675
"2" -0.597512489237251 0.60541842611358 -0.0772789558647927 0.0748978077402122 0.765895342229594
"3" 0.455469436292009 0.500272653911596 0.566610077718809 -0.369497002084391 1.87039638387269
"4" 0.403123150196017 0.79552397293825 1.10594203109998 -0.479658066281923 2.07050472122407
"5" -0.574355796365794 0.952979992159158 1.66304156321226 0.0698983149787266 3.93996434695958
"6" -1.04183681949937 2.37632412424928 0.816213834912734 -0.192914976160592 5.5377418611257
"7" 0.330525622900145 2.37498278045125 1.06884678956255 -0.351887772366316 6.99342269500099
"8" -0.0382351206785322 2.05875082313485 2.22694850896954 -0.299801983231496 7.92517376820309
"9" 0.0173931185501109 2.78454958342447 1.77116851223816 -0.30904042007575 9.37356506270016
"10" -0.375122114628694 2.65608891991455 3.22261319112058 -0.36587005721964 11.2811056655805
"1" -0.995425897705699 1.15628902160814 0.159872848131543 0.254972846099197 -0.0250077712200693 0.349694382077778 0.111876012445179
"2" -0.0593500700807113 0.834707697087812 0.836353058616637 0.828413636740089 -0.806855750163346 0.0610951456625374 -0.43308253908228
"3" 0.425232023625843 1.58556829339055 1.09712588416017 0.129392966861422 -0.0327690413964239 -0.212995634352816 0.493322240536408
"4" 1.20885948704404 2.25917963311714 0.741198519471536 -0.130817298188671 -0.310069232889783 -0.184820726885214 0.998011426840991
"5" 0.745770783066669 4.50591409363742 1.83492914630852 0.385802047001759 -1.26832037700314 -0.00435217937069388 1.02896768906011
"6" -0.267463877233923 5.15561897433039 1.66670855703148 0.822805134185051 0.0281620466266739 -0.555115756497254 1.81122385363494
"7" 0.199097874894744 7.36630783030451 1.76359648198885 -0.0456868492031631 -0.381806269433684 0.0749084771164831 2.3725557388263
"8" -0.455573913809832 7.60018838116848 2.67787679440016 1.11307143835397 -0.416004779534297 -0.471545380656343 1.85532261959361
"9" -0.147371917775485 9.67980397396309 3.11661132117854 0.151549960752828 -0.303846692744216 0.290722359837316 2.43538749435549
"10" -0.0943837221102041 11.5201907258125 2.78566891922275 0.986590051286975 0.399006516261909 -0.879585875499066 3.60864425930121
"1" 1.70315340648654 -0.434495450616415 -0.294581367792158 0.623491396843791 0.78379217131265 0.291986862600774 0.793187023887369
"2" -0.265661480203864 -0.607456892503629 0.16236595067923 0.360779788716712 1.5195854585897 0.00941515131838628 0.960802487790931
"3" 0.368960401095692 0.088124203298191 0.976446330103458 0.685772617565429 2.50457158260046 -0.637075083455077 1.05576930959793
"4" -0.152767957373183 -0.287849536605309 0.956122821603062 -0.131475259780574 2.95931683145524 0.618885437855501 1.14021126028548
"5" 1.02328336231987 -0.711328188976838 1.13096028958491 0.36710666957952 4.91819825317561 0.256880131310986 1.21214911050994
"6" 0.563085833240064 0.0674214579816026 1.43345281467139 0.706444421147242 4.81920951683819 -0.166205313754095 2.24555157335718
"7" 2.28535001565425 0.477107574681704 1.84013125002988 0.0697744842913816 6.49672107063532 0.110838974154561 2.36168196169999
"8" 1.45407087734476 -0.934948313907909 3.04723304848432 0.499560836340084 8.27144190433057 0.711698023663875 2.13286915622819
"9" 1.7550121429469 -0.291513161003231 2.9231577208687 0.0759748084260383 9.5553954672888 0.17978456139416 3.0637000394171
"10" 1.80142973019088 -0.092049302498346 3.24497187624404 0.497626009002393 11.8033644515939 -0.361708918252863 3.98582053166196
"1" 0.218423521225504
"2" 0.28628268936075
"3" 0.491761704900961
"4" 0.832362486178477
"5" 0.96560091269214
"6" 1.35712723742755
"7" 1.72179019905929
"8" 1.91906872366351
"9" 2.17719455236384
"10" 2.54642411544132
"1" 0.877943146491705
"2" 0.945471814207477
"3" 1.17640772770874
"4" 1.25746091534128
"5" 1.68163938897899
"6" 1.73962475617681
"7" 2.15639374373939
"8" 2.36940056644196
"9" 2.62667136878184
"10" 3.05291871259127
"1" 0.590918737372468 0.0284623753528357
"2" 0.80075319953731 -0.0307015114462014
"3" 1.48837960378892 -0.131911813723923
"4" 2.00375233625575 0.0730561439651699
"5" 2.50798150492087 -0.0373314267288643
"6" 2.89908572462971 0.311944839145956
"7" 3.63959809372736 0.443786571621876
"8" 4.36369484160723 0.260789947967518
"9" 4.88797006520962 0.376507888326815
"10" 5.65964124352285 0.437712376648789
"1" 0.525786663936757 -0.320401901098082 -0.0860031697963926 0.180468521481413 -0.10423740819147 0.490692672409056
"2" -0.612845558679173 -0.413646304045544 0.488051537653473 0.113266814951628 0.517674014273032 0.78510149181191
"3" 0.43114328875297 -0.0271514953514334 0.620207909359354 0.419324419446743 -0.450129696890263 1.87799779789654
"4" 0.742330089786721 -0.733626408399177 0.835673779184974 1.092431183042 -0.106083970146948 2.08971087080637
"5" -0.331224529853964 0.047700438653796 0.942235890295893 1.77646977694165 -0.218509760421735 3.94756576098342
"6" -1.11104686636058 -0.508844918797468 2.33835527793641 0.792725870542925 0.0565495632204912 5.55694801070801
"7" 0.37783128174903 -0.345228291937477 2.29811572071315 1.15033027191489 -0.120647729604009 7.00102410902483
"8" 0.0872551388406392 -0.507007652681135 1.98508809527176 2.4013803499784 -0.000522497805182435 7.93277518222693
"9" 0.167178901636109 -0.284913754802327 2.83938613354927 1.62945350168224 -0.281417118206235 9.36956174116556
"10" -0.391861105167163 0.41878214145297 2.6126752443118 3.38092154109264 -1.20437126070543 11.3003118151628
"1" 0.989986271418592 1.55019780930102
"2" 0.937860430751816 1.76824233515202
"3" 0.981530091405072 2.28973292940481
"4" 0.98304053991374 2.4997555272027
"5" 1.1252746005614 3.35650592180502
"6" 0.948205096995847 3.71879708775029
"7" 1.11336957251173 4.54193874782146
"8" 1.25374232091431 4.86389668197402
"9" 1.19453246235417 5.58623317418443
"10" 1.32794935968528 6.45172618771132
"1" 0.925269988026769 -0.122842162496163 1.46926399080312
"2" 1.11547290840877 -0.302835224504108 1.61503675510244
"3" 1.32486160932535 -0.383742228151913 2.37578092883089
"4" 1.47433513040674 -0.227641412521455 3.33612134210573
"5" 1.740741636262 -0.40520530896445 3.7707641359686
"6" 1.91576332300707 0.00292950276080754 4.40729381984894
"7" 2.01751869379483 0.252662487641468 5.55603594301101
"8" 2.2584229990505 0.0476787291373567 6.28122754111286
"9" 2.82072694608153 -0.0301218726157921 6.64949363750446
"10" 2.8649809129831 0.0676510873338583 7.98923543589148
"1" 0.554968133069874 0.376442396256826 0.155454437547102
"2" 0.618345850913482 1.53922117472987 -0.0455848969243375
"3" 0.991363055045519 2.09191576116681 0.0249471627963212
"4" 0.816818828159147 3.12545605662373 0.137593773790301
"5" 1.62365236151027 4.54405321788404 0.0743773754438971
"6" 1.77480038808776 5.20014769219576 -0.149853772840601
"7" 2.41682514497708 6.33175565457349 -0.00341845576896293
"8" 2.38220885673183 8.02361838943732 0.111915673259613
"9" 2.72001492830226 9.79840538409069 -0.0163578915587738
"10" 3.21411870119058 12.0114229623522 -0.00174973790289381
"1" 0.0446448468833814 0.459899651690287 0.247141846492198 -0.620383885973202
"2" 0.313744894139372 0.865450966556097 -0.49407257788555 0.818202473689506
"3" 0.624832337486307 2.09426938392405 -0.329606735528593 0.187871742183629
"4" 1.05118913835864 3.04520134142354 -0.215000399014919 0.330095820336024
"5" 1.30372503393745 4.17427415650415 -0.102350584411297 -0.579425636748704
"6" 1.60944305046183 5.38281538356024 -0.0558846596546521 0.151284698560675
"7" 2.01828300329504 6.82484324320088 0.0545715183871514 0.515001221300504
"8" 2.50083100773127 8.05442386301557 -0.30552138301065 0.546576183419294
"9" 2.85696260362401 9.42264415270515 0.27736884115921 -1.11679398353773
"10" 3.1260167417106 11.2904295832264 0.114854050434687 -0.217711905072857
"1" -0.251379747114696 -0.239219810133778 -0.0918301578732138 0.668410192694116 0.0475674745731361 -0.318004867481223 -0.0674344587569432
"2" 0.306070616218057 -0.265279725787065 -0.271199668210789 1.01188754948034 -0.352599559730291 -0.138089301972941 0.532866607532472
"3" 0.621552066384939 0.0703468046858379 -0.335451409033793 1.31382690949953 0.570804962090834 2.82174311691628 0.169108990255673
"4" 0.485943673529933 0.556199825258853 -0.804803820242161 2.15635621540534 1.33064521941242 1.54018174085032 0.7885829001453
"5" 0.780653438512516 -0.720095506541487 0.0423033303904166 3.83330969022689 1.68755858322184 3.84150983884203 1.10741676930196
"6" 1.77987860618346 -0.417806551854706 -0.716582921187594 5.42073586883362 0.147172585836357 5.48075301585648 2.4710400558842
"7" 1.37002795557857 -0.0428005061097231 -0.312740468863962 6.8593713047355 1.23151970004098 6.95889389845998 2.41230167516881
"8" 1.47340382336149 0.252322736662084 -0.675187568448583 7.34128404206489 2.32946035714464 8.94026775536511 2.31938866360134
"9" 1.56597618280617 -0.180346665320447 -0.363218689556914 8.94795734024566 2.02076915270744 10.0020218280572 3.05449968813311
"10" 2.15417668719551 -0.897402037365972 -0.181309194387323 11.3098392884321 3.65645686402082 10.8840577183094 2.7892575207464
"1" 0.396054513087554 0.469825709901451 -1.31976416070781 0.312418584821705
"2" -0.378165730615472 0.447456969418896 0.323832223597806 1.47519736329473
"3" -0.237678129722081 0.81012127319778 0.269682945746599 2.02789194973168
"4" 0.0867439860658118 0.653939038335771 -0.289471530298137 3.06143224518861
"5" -0.186900646380145 1.42003085841709 0.453351918743473 4.47146854008041
"6" -0.376766161231494 1.65961257431052 -0.0261064623981397 5.13612388076063
"7" -0.154391880168893 2.30188074372463 -0.0156533901811016 6.24204924403283
"8" -0.420424598409584 2.21049026762064 1.249154489509 7.9595945780022
"9" -0.307078480925328 2.60177858169712 0.398702600220324 9.72582070628706
"10" -0.424052732902443 3.06000612419441 0.93022580699716 11.9473991509171
"1" -0.327007960838199
"2" -0.408394322390268
"3" 0.0756627600955226
"4" 0.137698995181052
"5" 0.656198350675918
"6" 0.787003216828788
"7" 0.954146471413531
"8" 1.42108338996629
"9" 1.47524572033548
"10" 2.05402622691375
"1" 0.111636686159475 0.821076416300402 0.773906348276634 0.163417354464733 -0.149482514143937
"2" 1.02221984091546 0.424700188799873 1.89599375795067 -0.0302038630327514 1.0743333175275
"3" 1.84928951756123 0.55679400243124 2.62337734252705 0.0366191382009406 1.36499440675536
"4" 1.05185877550411 0.714083804399309 3.27840540109967 0.149265749194899 2.96630305753873
"5" 2.25227587955476 1.30542132036706 5.02388411719258 0.0879038800919993 3.87139627100655
"6" 1.25248858158989 2.08343655725004 5.30544519904605 -0.132618209705511 5.11247244954928
"7" 1.93303725056315 2.70471766917103 6.45940026658647 0.0138171073661283 6.1410149075522
"8" 1.99360117262833 2.608151291277 7.82469052810594 0.129151236394688 8.39228119906329
"9" 2.53462602121241 2.84366467231502 9.73002774959255 0.000877671576285515 9.94806123792324
"10" 2.85880331834404 3.42570091437331 12.2954621322755 0.015485825232187 11.6556352250961
"1" -0.2013395032927 -0.905956829058061
"2" 0.231001770165457 -1.30608388245323
"3" 0.627106401610518 -0.810880628934383
"4" 0.825382531352073 -0.78030999487692
"5" 1.72098759578482 -0.56070324166806
"6" 2.09173093344272 -0.577985157436693
"7" 2.40238002251659 -0.506512459178039
"8" 3.3586128595394 -0.389517217769031
"9" 3.84937858814839 -0.590807222314135
"10" 4.7146667320169 -0.22677620542639
"1" 0.386813636976927 0.175225814858359 0.0232665461978062 -0.108861759143392 -0.00547704070821278
"2" 0.792364951842771 0.105414743692959 -0.729106535853654 0.489346785046655 0.47063317663956
"3" 2.0211833692107 0.202969127140842 -0.432201295713811 1.18080189602537 0.0259028663225668
"4" 2.97784614637464 0.474502932242398 0.119469887151298 1.88326112806609 -0.382817434816251
"5" 4.10118814179079 0.649489268943836 -0.195336757348175 2.13469541095024 -0.217893065175112
"6" 5.30972936884688 1.8276415808953 0.384104627737702 1.39269026077773 -0.482857876500704
"7" 6.75748804815199 1.88966888093112 -0.134056337438969 2.21764985592724 0.499403443910992
"8" 7.98706866796669 2.28162364525696 -0.245281677873598 2.92636864338981 0.0107301631951208
"9" 9.35528895765626 3.31552574356332 -0.133361149937425 2.42141881395243 -0.0133106024701989
"10" 11.2230743881775 3.3857346660248 -0.658957042787465 2.76687099436219 0.904805137948598
"1" 0.288850229187335 0.225273449159087 0.835735503998093
"2" 0.62621635160619 -0.256133043342095 1.57929192931303
"3" 1.04057186920915 0.0440969554456048 2.43675362867596
"4" 1.29703787040894 0.0502500807036144 3.07045465231884
"5" 1.77093733690081 0.325521397409312 4.16740695972412
"6" 2.01906607729065 0.228712420412683 5.2104667196717
"7" 2.1998873138024 0.143237666009097 6.61261769058162
"8" 2.59886298657278 0.306174856402936 8.47702727478306
"9" 2.9819223642259 0.0316189162882595 9.55191650998223
"10" 3.40320481788074 0.360724776458894 11.6003053131277
"1" 0.23127363284236 0.273301242393435 0.258510298116648 -0.930005308232095 0.834368054787187 0.694504235618778
"2" 0.680692858884197 0.414608131427673 1.42128907658969 0.0400962123211607 0.161699925233839 -0.700791587667009
"3" 1.19717858281652 0.677485335913943 1.97398366302662 -0.328198967890942 0.224456132652312 -0.389816980258328
"4" 0.600061096715925 -0.391620849948047 3.00752395848356 -0.513899089094663 1.02117872657024 0.735286325477642
"5" 1.81593265857089 0.13229061091044 4.42629214845289 -0.178519823182045 0.921441161225943 -0.0310302882757706
"6" 1.98158203662411 -0.903407933150341 5.08221559405559 0.0139609445543785 1.11528554083086 -0.0272861081469783
"7" 2.40971811589269 -0.0359032801929419 6.2143366425604 -0.258666074703921 2.04695540002549 -0.136100785059772
"8" 2.74896580487103 0.829054674320207 7.90568629129715 0.0377829837840268 1.42268494859896 -0.795324790767514
"9" 2.74697147579061 -0.373051207541713 9.68064431465954 0.577891803889709 2.29419081355293 -0.621277085718204
"10" 3.13582026564915 -0.330235536957876 11.893490864212 0.138901455760009 3.04809708961603 -0.38425930264742
"1" 0.885943867325931 0.158823370531005 -0.00193739559828143 -0.536610984149189 0.160024282524103 0.430277831051737
"2" -0.0261274910638205 0.196785041223815 0.658199327200317 0.915099207845824 -1.01730828629434 0.835829145917563
"3" 0.475764798833716 0.330623892704996 1.43671114048152 -0.0973268722288248 -0.594687961106984 2.0646475632855
"4" 0.251390694022226 0.611703792256659 2.20996723371844 -0.305555008988126 -0.0208096431294363 3.02348072140372
"5" 0.111803435611674 0.977728758328542 2.16200838241024 -0.507126874094059 0.0246974030268575 4.1446523358656
"6" 0.187041242395829 1.85008876369015 1.48966693536351 -0.458960538994383 0.46074351811558 5.35319356292169
"7" 0.550924962884559 1.95657365337619 2.47692338840935 0.475871169484672 -0.155453798841549 6.80312262318106
"8" 0.157170999138013 2.53375229769063 2.9559617949292 -0.125253146029886 -0.0936208694741179 8.03270324299578
"9" 0.314840775897182 3.3821890591264 2.45531751148453 -0.0918022925185461 -0.061887459858148 9.40092353268535
"10" 1.52605515626905 3.40560844242148 2.80031334962822 0.198209026966083 -0.592384280025694 11.2687089632066
"1" 0.233990981498087 0.254435793558558 0.77694984408759 0.110172788795476
"2" 0.571975672149072 0.242256270506466 1.52050626940254 -0.702104998425486
"3" 0.986331189752059 -0.0567499426216751 2.37796796876546 0.0208069035105166
"4" 1.24217862271969 -0.133797923943622 3.00925657630296 0.0827883872690888
"5" 1.71669665744369 0.597891355989703 4.10620888370824 0.0409795458208478
"6" 1.96420682960142 0.832084985800456 5.14926864365579 -0.287531255940953
"7" 2.14502806611313 0.585116761542208 6.55141961456572 -0.259960581446266
"8" 2.54462230711569 0.37301592811542 8.41824161487257 0.165503225622013
"9" 2.92768168476879 -0.572425865228633 9.48589360175553 0.360567382767896
"10" 3.34896413842366 0.146808246086287 11.5391072371118 0.416583467137532
"1" 0.947997006223927 0.490160100561543 -0.442323040555596 -0.0613637451959823 0.802494745123124
"2" 0.193150979943796 0.957728411353987 -0.711585161451405 0.130564025453002 1.54605117043809
"3" 0.282121263242451 0.620752520906669 -0.221198164370783 1.42147285244799 2.40351286980099
"4" 0.0320929121948901 0.768483588189344 -0.0170769290033865 1.79833207521838 3.02557833104505
"5" 0.543755196669503 2.13590062998859 0.0764827667480185 1.23625857185099 4.12253063845032
"6" 0.409901455923415 1.91877107713235 0.0101034171170165 2.02072445302862 5.16559039839788
"7" 0.414049882090321 1.92488751888225 -0.148990378469458 2.40536795009581 6.56774136930781
"8" 0.138706430665138 2.03803665178109 0.373963053418572 3.1442721207157 8.4437865159081
"9" -0.015789934701474 3.17659157911117 0.000786748332265221 2.6459200237457 9.48376906391077
"10" -0.0253509769502445 3.34765870650936 0.608083278347416 3.35912035803332 11.5554289918539
"1" 0.574677063702019 1.13790440972709 -0.288143816996651 0.0668072364299954 0.821514360394768 -0.148824304964008 0.0185408026682771
"2" 0.980228378567831 -0.187458001097927 1.2243721348346 -0.891161767374185 0.643894605036849 0.568710040339597 0.033191833361948
"3" 2.20904679593577 0.69457148255172 0.0984501728615868 -0.511813935771547 0.273744731133368 1.19028416305144 0.468144655059677
"4" 3.17126916467547 -0.441454167308845 0.546962038928743 -0.175658345085175 0.731700525424416 1.86569966608455 0.544208691153882
"5" 4.28905156851589 -0.382138138639097 -0.401870896932284 0.248533783094275 0.716574872244866 2.24692673430819 0.655277511459163
"6" 5.49759279557197 -0.987689891313266 0.00714325468356839 0.506221488699222 0.986150165956 1.63336405621932 2.01707259466926
"7" 6.95091106645282 0.50299811813883 0.382095698723286 -0.0331884825683738 1.50924294393933 2.32447173319176 2.1764624509056
"8" 8.18049168626753 0.752455025275867 -0.326091998929743 -0.22051636012602 1.75294640459011 2.95647697034367 2.53793504007083
"9" 9.5487119759571 -1.00634358989015 0.105095294890905 0.239792732056021 1.39108550109871 2.78291968076314 3.84469007487724
"10" 11.4164974064783 0.241943493799391 0.567080400251478 -0.297053547048466 2.62362007598994 2.75740116150487 3.60713087310345
"1" 0.00207920259105806 -0.768893473318233 0.74115301685957 0.905028932916526 0.967695740953287 -0.804486367670078 0.428225795523505
"2" 0.581518259797401 0.104832791988466 0.888058585463574 -0.389948147949907 0.47263315603958 0.168677086894501 1.59100457399649
"3" 0.653645311597602 0.733483291433747 0.766227854055367 0.0662703950625462 1.33832351858059 -0.424653550428424 2.14369916043343
"4" -0.56174090808888 0.343351128769237 0.865800934981152 0.488871910771155 0.96068331495155 0.218707353563587 3.17723945589037
"5" 0.508515676716441 0.266307652831552 1.73420468163966 -0.0650545452740952 2.0850910574235 0.168088094108674 4.60156339169721
"6" -0.249683411352024 1.43560348710875 1.64244050802693 0.159562926246538 2.23550524808496 -0.838765767088763 5.25193109146239
"7" -0.178148431019248 1.29321374312582 2.69869366930164 0.358884396311864 2.42498769487517 -0.444509711242284 6.40071937747971
"8" 1.54516156144931 2.23865262651841 1.8060732781089 -0.189571189250242 3.27730767177662 -0.673457367553528 8.07540178870396
"9" -0.249866452294463 2.79851391407128 2.57547243497434 -0.168174287707149 2.84560950779825 0.203554405642453 9.85591555790387
"10" 0.286115499744168 2.67910334092153 2.91883480340944 -0.395762932138319 3.80603901633124 0.345094137675809 12.0632063616188
"1" 0.280622970428445 -0.236600876018352 -0.149712383849844 -0.681215357197903 0.674707393287334 0.730835649544609
"2" 0.179306600232442 0.651594100391137 -0.986934728658103 -0.999572736853212 1.41826381860227 0.447792681223473
"3" 0.152876421902346 1.55629817971433 -0.285786558943827 1.58471347414608 2.27572551796518 -0.0291962233773041
"4" -0.143762902847004 1.27620434621018 -0.04050425889615 0.667402774796913 2.90759633196899 1.02431481749541
"5" 0.608831446978153 1.53688399977353 -0.229888088662875 4.11768182717102 4.00454863937426 1.37985429267662
"6" 0.337989945532771 1.49594347610205 -0.246112122617968 2.46732960783018 5.04760839932182 2.2697217509604
"7" 0.495333569584077 1.78937499722208 -0.503335919423532 1.54450575700576 6.44975937023174 2.33454604804261
"8" 0.299587926285196 2.59219397508921 0.0071813532071624 3.88442339730932 8.31599916407228 2.07247074100243
"9" -0.563687611660587 2.48819903623737 0.245847436641974 4.03036574430672 9.38539777035415 3.09137147591572
"10" 0.0814494180732903 3.46209171567824 0.348267690377893 3.15544015400181 11.4374469927779 2.91345370182069
"1" 0.673730113217156 0.103981849429277 0.0931898298260139 0.531868882948582 0.0355324779112822 1.23425318589425 -0.357040734400385
"2" 1.4172865385321 -0.534268157681329 0.19117605410069 0.565625024370383 -0.913159430854942 0.356625982800133 0.470643581165149
"3" 2.27474823789501 0.20743682103855 -0.114798105069556 0.211068742546889 -0.752714425366484 0.543691145579304 1.59901058935152
"4" 2.91031824446916 0.336197959902663 -0.620910026159106 0.857795618999601 -0.384942147043828 1.61373126978304 1.35692438488858
"5" 4.00727055187444 -0.101125496334777 0.481018899799434 1.58233500670752 0.771068684629005 2.03882479996525 1.56441253511647
"6" 5.05033031182201 -0.164192520311622 0.886190205879461 2.36752618143912 -0.672856106475679 2.05202838283927 1.4393478565629
"7" 6.45248128273192 -0.253488256363725 0.755944021611948 2.44956499226515 -0.43939694165528 1.21442839896393 1.8317657126109
"8" 8.31502188400215 0.410407264495748 -0.241064924260214 2.4591759390961 0.17300879061621 0.563251019139155 2.85474237160341
"9" 9.39551806799503 0.386059983073349 -0.640759290038505 3.1074165788959 -0.947296744095615 3.81037862823824 2.40448443785921
"10" 11.4401689052781 0.129429360206222 0.220470628423324 3.10749214608906 0.640142021808074 2.4330953619918 3.51744306730397
