1 1.36941266883404
2 0.756969985162532
3 -0.228196422314198
4 -0.241268164860419
5 -0.283598494494493
6 -0.385623270485471
7 -0.277697384823606
1 1.36941266883404
2 0.840964086528276
1 1.40539689660789
2 1.06131828621101
3 -0.228196422314198
1 1.41470040693995
3 0.313714168336958
2 0.958004388706909
4 -0.276435174897136
1 1.02025299927887
3 0.0499104335580663
4 0.393675836253525
2 0.345284829731296
5 -0.361977577387478
4 0.0680175961394084
3 0.137933501226065
5 0.316627395142457
5 0.146289624670572
4 0.0830400286950065
6 -0.320876959051042
6 0.258859715248348
6 0.0652453698692909
5 -0.00537700969023184
7 -0.381484931613622
7 0.429856600177261
1 1.97449089455284
7 0.0836552099747544
1 2.93228932308057
6 0.179966920125317
1 1.25848802816492
2 0.360518595174514
2 0.339284087239229
3 1.09743801084872
2 0.592729492075923
3 -0.186217573103703
7 0.233192479163164
4 0.0157715855605034
3 -0.117342631112414
1 1.28652229591109
4 -0.14414068200944
5 0.014497504315069
4 -0.125931538992626
2 0.421858259924419
5 -0.241985507100747
3 -0.0993564858448764
5 -0.129892761881167
6 -0.0670497529430351
6 -0.169741134516504
4 -0.158422036661722
6 -0.0750006381611875
7 -0.0263695284711393
5 -0.0661029567915225
7 -0.272197405441639
7 -0.0326629108091884
1 1.56632964352567
1 0.797429459112365
2 0.729643050571049
6 0.0499443987930302
2 0.411217399931469
3 0.531257855935123
3 -0.0832162064455567
4 0.131572851011489
7 -0.0141653171623719
4 0.00239245723954953
1 2.57928563304973
5 0.00951025572881976
2 1.86695368813836
5 0.0742646543669402
3 0.489411600484579
6 -0.084926493535813
6 0.0525608448241235
4 0.513535761538551
5 0.605767224472922
7 0.0186687386094737
7 -0.140483951910912
6 0.507713696875635
7 0.470721771172091
