"1" 0.433651651661526 0.293069723971281 0.139310488324251
"1" 1.07827108860265 0.294647984397725 0.000267553080088874
"1" 0.865138758630788 0.280755125869531 0.0021231893773155
"1" 1.44377141597304 0.339028528321526 2.27629271349782e-05
"1" 1.31388459077798 0.339021218859368 0.000114207559029625
"1" 0.537543628913386 0.285586427580678 0.0601288075941991
"1" 0.501869818456544 0.314307197953006 0.110676564482612
"1" 0.729002867138869 0.36944041697044 0.0487747079319366
"1" 0.953276664642957 0.344564504524758 0.00578159627990781
"1" 0.666514280716199 0.337319415092752 0.0484729643597348
"1" 1.726266815237 0.341316372720841 5.15424882407635e-07
