"1" 1 2 1 1 2 2 2 1 2 2 3 2 3 1 3 3 2 2 3 1
"2" 3 2 2 1 3 3 1 1 2 1 2 1 2 2 3 3 1 2 1 3
"3" 3 1 2 3 1 1 1 2 3 2 1 1 2 2 3 2 1 2 1 1
"4" 2 3 1 1 3 3 1 2 1 2 2 2 1 1 1 1 2 1 1 3
"5" 1 2 2 2 1 1 1 2 2 1 2 1 3 3 2 1 2 1 3 3
"6" 1 3 1 3 3 2 1 2 1 2 1 1 1 2 2 3 2 3 2 1
"7" 3 3 3 1 1 3 3 2 2 3 3 3 3 2 3 1 1 3 1 3
"8" 2 2 3 2 2 2 3 3 3 2 2 3 1 2 3 2 2 1 1 3
"9" 3 1 3 1 3 2 3 3 3 1 1 3 1 2 1 1 2 2 1 2
"10" 2 1 2 2 2 3 1 3 2 1 3 1 1 1 2 1 3 3 3 3
"11" 2 1 3 1 1 2 1 1 2 3 2 3 3 2 2 3 1 2 2 3
"12" 2 1 3 2 3 3 1 3 1 2 1 1 3 3 2 2 3 1 1 3
"13" 3 3 1 3 2 1 3 2 3 3 2 1 2 3 2 3 1 1 1 2
"14" 3 2 2 1 3 2 3 1 2 1 3 2 1 3 2 3 2 3 1 1
"15" 3 1 3 1 2 3 3 3 1 2 3 3 2 2 1 2 1 2 2 3
"16" 2 2 3 3 3 1 2 3 1 3 2 3 3 1 1 2 1 2 2 1
"17" 1 1 2 1 3 2 1 1 3 1 3 2 2 1 2 1 1 3 3 3
"18" 1 1 3 3 3 1 3 3 2 2 3 3 2 1 2 2 2 3 3 1
"19" 2 2 1 1 1 1 2 2 3 1 3 1 1 1 2 1 1 1 1 3
"20" 3 3 3 3 2 2 2 3 3 2 2 1 1 1 1 1 1 3 3 1
"21" 1 3 2 2 1 2 1 3 1 2 2 3 1 1 2 1 2 3 2 1
"22" 3 3 3 1 2 2 1 1 2 3 2 2 1 1 2 2 2 3 3 1
"23" 1 2 2 2 3 3 3 2 3 1 3 1 3 3 3 2 1 2 3 1
"24" 2 2 2 2 2 2 1 2 2 1 3 1 2 3 3 2 1 1 3 2
"25" 1 2 3 2 1 2 3 2 3 2 3 3 3 2 2 1 1 1 3 3
"26" 2 3 2 3 2 1 3 2 3 2 3 2 1 2 2 3 3 2 1 3
"27" 1 1 1 2 1 3 3 1 3 1 2 3 3 2 3 2 2 3 2 2
"28" 1 2 3 1 3 3 1 3 2 3 1 1 1 3 3 2 1 2 3 1
"29" 2 2 3 1 1 3 2 2 3 1 3 1 1 1 1 2 2 3 2 3
"30" 1 2 2 1 1 1 1 2 1 3 3 2 1 2 3 2 3 1 1 3
"31" 1 3 2 1 3 3 2 3 3 3 1 3 1 2 1 3 1 1 1 2
"32" 1 3 2 2 3 1 1 1 2 2 2 1 1 1 2 3 2 1 3 3
"33" 2 3 2 1 1 2 3 2 2 2 1 1 3 3 2 2 1 2 2 1
"34" 2 3 2 1 1 2 2 1 3 3 1 3 2 3 2 3 1 3 3 3
"35" 3 3 3 1 1 2 1 1 2 2 1 3 1 2 1 1 2 3 2 3
"36" 3 3 1 1 2 2 2 1 2 3 1 1 1 1 2 1 2 2 2 1
"37" 2 3 2 3 1 1 1 2 3 2 2 1 2 1 1 1 1 1 1 1
"38" 1 1 1 2 2 2 1 3 2 1 2 3 1 3 3 3 3 2 2 3
"39" 1 3 2 2 1 1 3 2 1 1 2 1 3 1 1 3 3 1 3 1
"40" 1 1 3 2 2 1 1 1 1 2 2 3 2 2 3 2 3 3 2 1
"41" 1 3 3 2 1 1 3 3 1 2 3 3 1 1 2 3 1 2 1 2
"42" 3 2 3 3 1 1 3 3 3 1 1 1 3 3 2 1 2 1 2 1
"43" 2 2 3 1 3 1 2 1 3 2 3 1 3 2 1 3 3 3 2 3
"44" 1 3 1 1 1 2 3 3 2 1 1 1 2 2 3 2 2 2 3 2
"45" 1 1 1 2 2 2 3 2 2 2 3 3 1 1 2 1 2 3 1 2
"46" 1 3 1 2 2 3 3 2 2 1 2 1 1 2 1 1 3 3 1 3
"47" 3 1 3 1 2 3 2 3 1 1 2 2 1 3 1 1 2 1 2 2
"48" 1 1 2 2 1 1 1 3 1 1 3 3 1 1 2 3 1 3 3 3
"49" 2 3 1 1 3 1 1 2 2 3 1 1 3 1 1 2 3 2 2 2
"50" 2 1 2 1 3 2 3 3 2 1 1 2 3 3 2 2 1 2 2 3
"51" 1 2 2 1 1 1 2 3 2 1 1 2 2 3 2 2 2 3 1 1
"52" 1 3 2 1 1 3 2 2 2 3 2 3 2 3 2 3 2 1 1 2
"53" 2 2 2 1 3 3 1 3 3 2 1 3 3 3 2 2 2 3 2 1
"54" 3 2 1 3 3 3 2 2 3 3 1 3 2 3 2 3 1 3 1 1
"55" 1 1 2 3 3 3 1 2 2 3 3 2 3 3 1 1 3 3 3 3
"56" 3 2 3 2 3 2 1 1 3 1 2 3 2 2 2 2 2 3 2 1
"57" 3 1 1 3 3 2 2 1 2 2 2 1 2 1 1 2 2 3 1 2
"58" 3 1 2 2 3 2 1 2 2 2 1 1 3 2 2 3 3 3 3 1
"59" 1 3 2 1 2 2 3 3 3 3 2 1 3 2 2 3 1 1 2 3
"60" 3 3 1 2 1 3 3 2 3 3 3 2 3 3 3 2 2 2 2 3
"61" 3 2 3 1 3 3 3 1 1 2 2 2 3 3 1 3 3 3 3 2
"62" 2 2 3 3 2 3 3 3 1 2 2 2 1 3 2 2 2 2 3 3
"63" 2 3 3 1 3 1 2 2 1 3 1 3 1 2 1 3 1 3 1 2
"64" 3 2 1 1 1 2 1 1 1 1 2 1 2 3 1 2 3 3 2 2
"65" 3 3 3 3 1 2 1 2 3 2 3 1 3 1 1 1 2 2 3 1
"66" 3 3 3 1 1 3 1 1 3 3 2 2 1 2 2 3 1 2 3 2
"67" 2 1 1 1 1 3 2 1 3 2 1 2 3 2 1 1 1 1 2 2
"68" 2 3 2 1 2 3 3 1 3 2 1 2 2 3 3 3 2 3 2 1
"69" 1 3 2 2 1 3 1 2 3 2 3 2 3 1 1 2 1 2 2 3
"70" 1 2 3 1 1 3 2 1 3 3 3 2 2 2 2 2 2 2 1 1
"71" 2 3 1 2 2 3 3 1 3 3 3 1 3 1 2 1 1 1 1 1
"72" 1 2 2 3 2 2 1 3 3 2 2 3 1 2 3 2 3 2 3 1
"73" 1 3 2 2 3 2 1 2 3 2 1 3 2 2 1 1 2 1 2 3
"74" 3 2 2 2 1 3 3 2 2 1 3 1 1 3 2 2 3 3 2 2
"75" 1 3 3 2 1 3 1 2 2 1 3 3 3 1 1 1 3 3 3 2
"76" 3 1 1 2 3 1 1 1 3 1 3 2 3 2 1 2 1 1 3 1
"77" 1 1 3 3 2 2 3 2 3 2 2 3 1 2 3 2 2 1 3 3
"78" 1 1 2 3 3 3 2 1 2 2 3 1 3 3 3 2 1 3 3 2
"79" 1 1 2 1 3 3 3 1 2 3 2 3 1 2 1 1 1 1 1 2
"80" 2 2 2 3 2 2 2 3 2 3 1 3 2 1 3 2 3 3 3 2
"81" 3 3 2 2 2 3 2 1 1 3 3 2 2 1 3 1 2 1 3 3
"82" 1 1 1 2 3 1 2 3 2 2 2 3 3 2 1 3 3 1 3 1
"83" 3 2 3 1 2 3 2 2 2 3 3 1 3 1 1 1 2 1 1 3
"84" 3 3 2 2 1 3 3 2 1 1 2 3 2 1 1 3 3 2 2 1
"85" 3 1 2 1 1 3 1 3 2 2 1 1 2 3 2 3 1 1 3 2
"86" 2 3 3 1 3 1 2 2 2 2 2 1 2 3 2 1 3 2 1 2
"87" 2 2 1 3 1 2 1 1 3 3 3 2 2 3 1 2 2 1 3 3
"88" 2 2 2 2 3 1 3 2 3 1 2 3 3 3 1 3 3 3 2 1
"89" 2 1 1 3 1 3 2 2 3 2 3 1 3 1 3 2 2 3 1 3
"90" 2 2 2 3 2 1 1 1 3 2 3 2 2 3 2 1 1 1 1 2
"91" 3 1 3 3 2 2 3 3 3 3 3 1 1 2 3 1 2 3 1 2
"92" 3 1 2 2 3 2 1 2 2 2 1 1 2 1 2 2 1 1 2 2
"93" 2 1 2 1 1 2 1 3 2 1 2 3 2 3 1 3 2 2 3 2
"94" 3 3 1 1 3 3 2 2 3 2 1 1 3 2 2 1 3 3 3 3
"95" 2 3 1 2 3 3 3 2 2 1 1 1 3 1 2 3 3 1 1 3
"96" 2 2 2 1 1 3 2 3 2 3 2 1 2 2 2 1 2 3 3 1
"97" 1 1 2 1 1 3 3 1 3 1 2 1 2 3 2 2 2 1 2 2
"98" 1 3 3 3 3 3 3 1 2 3 1 2 1 2 2 1 3 3 3 2
"99" 2 1 1 2 3 3 1 2 1 2 2 1 1 1 3 1 1 2 1 2
"100" 3 3 2 1 2 2 3 2 2 1 3 3 3 3 2 3 3 1 2 2
"101" 2 2 2 3 3 1 3 1 3 3 2 2 1 3 1 2 1 3 3 2
"102" 1 3 2 1 3 2 3 1 2 3 1 1 1 2 2 2 2 1 3 1
"103" 1 3 3 3 2 2 3 2 1 1 3 3 1 2 1 1 2 3 3 1
"104" 2 1 1 3 3 1 2 1 1 1 1 3 2 1 2 1 2 1 2 3
"105" 1 3 1 1 2 1 2 1 2 2 3 3 3 1 1 3 3 3 3 3
"106" 1 1 2 1 1 2 2 1 2 1 3 3 3 2 3 3 2 1 3 2
"107" 2 3 3 1 1 3 3 3 3 2 3 3 3 3 3 2 1 2 1 1
"108" 2 2 3 1 2 3 1 1 1 2 1 1 2 1 2 1 3 2 1 1
"109" 2 1 2 2 3 3 2 1 1 2 1 3 2 1 2 1 2 3 3 2
"110" 1 3 3 2 2 2 3 1 3 2 1 3 2 3 2 1 3 1 1 3
"1" 1 3 1 2 3 2 3 3 2 2 3 3 3 3 2 2 2 2 3 2
"2" 2 1 1 1 1 2 1 3 2 2 3 3 2 2 1 3 3 2 1 1
"3" 1 3 3 1 1 2 2 3 1 3 1 2 2 1 3 1 3 1 1 1
"4" 1 1 3 1 3 2 1 3 3 3 2 2 3 1 2 2 2 2 2 2
"5" 1 3 3 3 3 1 2 2 1 1 3 3 3 2 3 3 1 2 2 1
"6" 2 2 2 1 2 2 2 3 3 2 1 2 3 3 1 1 3 2 2 1
"7" 1 2 2 1 2 1 2 3 1 3 3 3 3 3 3 1 3 3 1 2
"8" 3 1 1 3 3 1 3 3 3 2 1 2 1 2 3 1 1 2 2 3
"9" 1 1 1 1 3 2 2 1 3 2 2 2 3 3 3 2 2 3 3 1
"10" 2 1 3 2 3 1 2 3 1 2 3 3 2 1 1 3 1 3 1 1
"11" 2 3 2 2 3 1 2 2 2 3 1 3 3 2 2 3 3 1 3 2
"12" 1 3 1 1 3 1 1 3 2 3 1 1 2 3 3 3 1 1 3 1
"13" 1 1 1 1 3 2 2 1 1 2 3 1 3 1 1 3 2 1 3 3
"14" 1 1 3 2 3 1 2 3 1 1 1 2 3 2 3 1 3 2 2 2
"15" 1 1 1 3 3 1 1 3 1 1 2 2 1 2 2 2 3 1 2 1
"16" 1 2 1 3 3 2 1 3 2 1 1 3 3 3 2 1 1 2 2 1
"17" 1 2 1 1 3 1 3 3 3 3 2 2 1 1 1 2 2 2 3 2
"18" 1 3 3 2 2 2 1 3 1 1 1 2 1 1 3 2 2 2 3 3
"19" 2 3 1 2 3 1 1 1 3 3 3 3 1 2 1 1 2 1 2 2
"20" 3 2 2 1 1 1 2 3 2 1 1 3 2 1 1 3 3 2 3 1
"21" 1 3 2 1 3 1 1 3 3 1 3 1 3 2 3 1 2 2 2 1
"22" 1 2 1 2 3 3 3 2 3 2 3 3 2 2 1 3 1 1 3 1
"23" 1 3 1 2 2 1 2 1 3 2 1 2 2 3 1 2 1 1 2 1
"24" 3 1 3 2 2 1 3 3 3 3 3 3 3 2 2 2 3 1 2 1
"25" 2 1 2 2 3 3 2 2 2 3 3 3 2 3 2 3 1 3 2 1
"26" 2 2 1 3 3 2 3 3 2 3 2 1 2 2 1 1 2 3 3 1
"27" 2 2 1 1 2 2 2 3 2 2 2 3 3 1 1 3 3 2 3 1
"28" 2 2 1 3 1 2 2 2 2 1 3 2 3 2 2 1 1 2 2 2
"29" 1 3 2 1 2 2 3 1 2 3 3 3 3 3 1 1 2 1 1 1
"30" 2 3 1 2 3 3 1 2 3 1 2 1 2 3 1 1 1 1 3 1
"31" 2 2 1 3 2 2 2 2 1 1 3 2 2 1 2 1 1 1 3 2
"32" 2 2 1 1 1 3 1 3 1 2 3 3 2 3 3 3 3 2 3 3
"33" 3 3 2 1 3 1 2 1 1 1 2 3 3 2 3 3 1 3 1 1
"34" 3 1 1 1 1 3 1 2 2 2 2 1 3 2 3 3 1 2 3 1
"35" 3 3 1 1 3 1 2 2 3 2 2 1 2 2 3 3 1 2 3 2
"36" 1 2 2 2 1 2 1 2 1 2 1 3 2 2 1 3 2 1 1 3
"37" 1 2 1 1 2 1 2 1 1 3 3 2 1 2 3 1 3 3 3 2
"38" 1 2 2 1 2 2 2 2 2 3 1 1 3 3 2 2 3 1 2 2
"39" 3 2 3 1 3 1 1 3 1 1 2 3 3 3 1 3 2 2 2 1
"40" 1 2 1 1 3 2 3 2 2 1 1 2 2 2 2 2 2 2 2 1
"41" 1 3 2 1 3 2 2 3 1 3 1 3 2 2 3 2 1 1 1 1
"42" 3 2 2 3 2 3 3 1 1 1 2 2 1 3 1 3 1 3 1 1
"43" 3 3 1 1 1 3 1 1 1 2 1 2 3 3 3 1 1 3 3 1
"44" 2 1 3 1 3 1 3 1 2 1 1 3 1 1 1 3 3 1 3 1
"45" 1 3 1 1 1 2 3 1 2 1 3 2 2 1 1 1 2 1 1 1
"46" 2 1 3 1 3 2 2 3 1 2 3 3 2 2 3 1 1 3 2 1
"47" 3 2 2 1 1 2 3 2 3 1 3 1 2 3 1 1 1 1 2 2
"48" 1 1 1 2 1 3 3 1 3 1 2 3 2 2 3 1 2 2 3 1
"49" 1 2 2 1 2 2 3 3 2 3 2 3 2 3 3 2 1 3 3 1
"50" 1 2 3 1 3 1 3 3 1 3 2 3 3 1 3 3 1 1 2 1
"51" 1 1 2 2 1 3 2 2 3 1 2 1 3 1 3 3 3 2 3 1
"52" 3 1 1 1 3 2 1 3 2 3 3 3 3 1 3 2 3 1 2 3
"53" 3 2 3 3 2 1 1 3 2 1 3 3 2 2 2 3 1 3 1 3
"54" 2 3 3 2 1 1 3 2 2 1 1 2 3 1 2 3 3 2 2 1
"55" 3 1 1 2 1 1 2 3 1 1 3 2 2 1 1 2 2 2 1 3
"56" 1 2 2 2 3 1 3 3 2 1 1 2 1 1 1 2 2 1 2 1
"57" 2 2 2 2 2 2 2 3 3 3 2 1 2 2 3 2 1 1 2 1
"58" 1 3 2 1 1 2 1 1 2 1 1 1 1 1 1 1 3 3 3 3
"59" 1 2 3 2 3 1 1 2 1 2 1 1 3 3 3 3 1 1 3 3
"60" 1 2 1 1 3 3 3 2 3 1 2 1 1 3 2 2 2 3 1 1
"61" 1 2 2 2 3 2 1 2 2 2 1 1 2 2 3 3 1 2 2 1
"62" 3 1 1 1 2 1 1 1 3 1 2 2 2 2 3 3 1 3 3 3
"63" 3 2 3 3 3 3 3 1 1 2 3 1 1 1 3 1 1 1 2 1
"64" 2 1 2 1 2 1 2 2 1 1 1 2 3 2 1 3 3 2 2 3
"65" 3 1 1 1 1 2 2 3 1 3 3 3 2 2 1 3 1 1 1 1
"66" 2 2 3 1 3 2 2 3 3 3 1 2 2 3 1 3 3 3 1 1
"67" 2 2 1 1 2 3 2 3 2 2 2 2 3 3 3 1 1 3 1 1
"68" 1 3 2 1 1 2 2 1 2 2 2 3 2 2 3 1 1 2 2 2
"69" 3 3 3 2 3 3 3 3 1 2 1 2 2 1 1 1 1 1 2 1
"70" 1 1 2 1 3 2 3 1 3 3 3 1 2 2 2 1 3 2 3 1
"71" 2 2 2 1 3 2 2 2 1 2 1 1 2 1 1 3 1 1 2 1
"72" 2 1 1 2 2 1 2 1 2 2 2 1 3 2 3 3 1 3 2 1
"73" 1 3 1 2 3 2 2 1 2 3 2 3 1 1 1 1 2 3 2 1
"74" 2 2 2 2 1 1 1 1 3 1 1 2 1 3 3 2 2 3 1 1
"75" 1 3 2 3 2 3 1 2 3 3 3 3 3 2 1 2 3 1 2 1
"76" 2 2 1 1 1 2 1 3 2 2 1 1 2 1 1 1 1 2 1 1
"77" 2 3 2 1 3 2 2 1 2 3 3 2 2 1 3 1 2 2 3 2
"78" 2 3 2 2 1 1 1 1 3 3 2 2 2 3 2 2 3 1 2 1
"79" 3 1 3 1 3 2 3 2 2 3 3 2 1 1 1 3 2 3 1 1
"80" 2 1 1 2 3 1 3 3 2 3 1 3 1 2 2 2 1 3 3 1
"81" 2 1 1 1 3 2 1 3 1 3 3 3 3 3 1 3 1 2 2 1
"82" 1 3 1 3 3 1 3 3 1 3 1 3 3 1 2 1 3 1 3 3
"83" 2 1 2 1 2 2 1 1 1 1 2 1 2 1 2 2 1 3 2 3
"84" 2 2 2 1 3 1 1 2 2 3 2 1 2 2 1 1 1 3 1 1
"85" 1 2 2 1 1 1 2 2 1 2 2 2 2 2 3 3 2 1 2 1
"86" 1 1 3 2 2 2 1 1 2 1 3 3 1 1 1 1 2 2 1 3
"87" 2 2 1 2 2 3 1 2 2 3 2 1 3 1 3 1 2 1 1 2
"88" 3 1 3 3 3 2 2 3 3 2 3 3 3 2 2 2 1 3 1 1
"89" 2 1 3 1 3 2 2 2 1 1 3 1 3 3 1 3 3 3 3 1
"90" 2 2 1 1 3 2 3 2 1 1 3 2 3 2 3 3 3 3 3 1
"91" 1 3 1 2 1 1 1 1 1 3 1 2 2 3 1 3 1 2 1 1
"92" 2 2 1 2 2 3 1 3 1 1 2 3 2 3 3 3 3 3 1 3
"93" 1 3 3 2 2 1 1 1 3 3 3 2 3 1 1 1 1 1 2 2
"94" 3 2 2 2 3 2 2 3 2 1 3 3 3 3 2 3 3 2 2 1
"95" 3 3 3 3 1 2 1 1 1 1 1 2 3 1 1 3 1 2 2 1
"96" 2 2 3 1 3 1 1 3 3 3 1 2 2 2 2 1 3 3 3 1
"97" 1 2 2 2 2 2 2 3 1 2 3 2 2 1 2 1 2 3 1 1
"98" 3 3 1 3 3 1 1 2 3 2 3 3 3 1 1 2 2 3 1 3
"99" 3 2 3 1 1 2 3 3 2 2 2 3 1 3 3 3 1 1 2 1
"100" 3 3 3 2 2 1 2 3 3 1 3 1 2 1 1 1 1 1 2 1
"101" 1 1 1 1 3 2 2 2 1 1 1 2 3 1 3 1 1 3 1 1
"102" 2 2 3 1 3 2 2 3 2 1 1 3 2 2 3 1 2 2 2 3
"103" 1 1 3 2 3 2 2 3 2 3 2 3 1 1 1 1 2 2 3 1
"104" 3 3 3 2 1 2 3 3 1 2 2 2 1 3 1 1 1 2 2 3
"105" 1 1 1 1 1 3 1 1 1 1 3 2 2 1 3 3 1 3 3 2
"106" 3 3 1 1 2 2 1 2 3 1 3 2 1 2 3 3 1 2 3 1
"107" 2 1 1 3 3 2 2 3 3 1 3 3 2 1 1 1 2 1 3 1
"108" 1 2 2 3 1 1 2 1 1 3 2 2 1 1 1 3 1 1 2 3
"109" 1 1 2 1 3 2 2 3 3 1 3 2 3 1 2 1 1 1 2 1
"110" 2 2 2 3 2 2 3 1 1 1 3 2 2 3 3 2 2 1 2 1
