"1" 0.0181818181818182 0.0181818181818182 0.0454545454545455 0.0272727272727273 0.0181818181818182 0.0272727272727273 0.0272727272727273 0.0363636363636364 0.0181818181818182 0.0181818181818182 0.0272727272727273 0.0454545454545455 0.0181818181818182 0.0363636363636364 0.00909090909090909 0.0181818181818182 0.0272727272727273 0.0272727272727273 0.0181818181818182 0.0181818181818182
"2" 0.0454545454545455 0.0181818181818182 0.0272727272727273 0.0727272727272727 0.0272727272727273 0.0272727272727273 0.00909090909090909 0.0181818181818182 0.0272727272727273 0.0181818181818182 0.0363636363636364 0.0181818181818182 0.0363636363636364 0 0.0272727272727273 0.0272727272727273 0.00909090909090909 0.0454545454545455 0 0.0181818181818182
"3" 0.0363636363636364 0.0363636363636364 0.0181818181818182 0.00909090909090909 0.0181818181818182 0.0181818181818182 0.0545454545454545 0.0363636363636364 0.0272727272727273 0.0363636363636364 0.0181818181818182 0.0454545454545455 0.00909090909090909 0.0636363636363636 0.0181818181818182 0.00909090909090909 0.0454545454545455 0.0181818181818182 0.0454545454545455 0.0363636363636364
"4" 0.00909090909090909 0.0272727272727273 0.0272727272727273 0.0545454545454545 0.0272727272727273 0.00909090909090909 0.0363636363636364 0.0545454545454545 0.00909090909090909 0.0272727272727273 0.0454545454545455 0.0454545454545455 0.00909090909090909 0.0454545454545455 0.0363636363636364 0.0636363636363636 0.0272727272727273 0 0.0181818181818182 0.0363636363636364
"5" 0.0272727272727273 0.0454545454545455 0.0181818181818182 0.0272727272727273 0.0363636363636364 0.0454545454545455 0.0181818181818182 0.0545454545454545 0.00909090909090909 0.0181818181818182 0.0636363636363636 0.0272727272727273 0.0272727272727273 0.0727272727272727 0.0727272727272727 0.0727272727272727 0.0363636363636364 0.0363636363636364 0.0363636363636364 0.0272727272727273
"6" 0.0181818181818182 0.0272727272727273 0.00909090909090909 0.0272727272727273 0.0181818181818182 0.0181818181818182 0.0272727272727273 0.0545454545454545 0.0181818181818182 0.0363636363636364 0.0181818181818182 0 0.0181818181818182 0.00909090909090909 0 0.00909090909090909 0 0.00909090909090909 0.0272727272727273 0.00909090909090909
"7" 0.00909090909090909 0.00909090909090909 0.0272727272727273 0 0.00909090909090909 0.0181818181818182 0.0363636363636364 0.00909090909090909 0.0363636363636364 0.0272727272727273 0.0181818181818182 0.0272727272727273 0.0363636363636364 0.0272727272727273 0.00909090909090909 0.00909090909090909 0.0363636363636364 0.00909090909090909 0.0272727272727273 0.0272727272727273
"8" 0.00909090909090909 0 0.0181818181818182 0.00909090909090909 0.0363636363636364 0.0272727272727273 0.00909090909090909 0.0272727272727273 0 0.0272727272727273 0.00909090909090909 0.00909090909090909 0.0272727272727273 0.00909090909090909 0 0.00909090909090909 0.0363636363636364 0.0181818181818182 0 0.0363636363636364
"9" 0 0.0181818181818182 0.0272727272727273 0.0454545454545455 0.0272727272727273 0.0272727272727273 0.0363636363636364 0.0181818181818182 0.0181818181818182 0 0.0272727272727273 0.0181818181818182 0.00909090909090909 0.0272727272727273 0 0.0181818181818182 0.00909090909090909 0.0363636363636364 0.0181818181818182 0.00909090909090909
"10" 0 0.00909090909090909 0.0272727272727273 0.0272727272727273 0.00909090909090909 0.00909090909090909 0.0272727272727273 0.00909090909090909 0.0636363636363636 0.0181818181818182 0.0272727272727273 0.00909090909090909 0.00909090909090909 0 0.0545454545454545 0.0363636363636364 0.0363636363636364 0.0363636363636364 0.0272727272727273 0.00909090909090909
"1" 0.0181818181818182 0.0181818181818182 0.0545454545454545 0.0181818181818182 0.00909090909090909 0.0181818181818182 0.0181818181818182 0.0363636363636364 0.0454545454545455 0.0272727272727273 0.0181818181818182 0.0454545454545455 0.0181818181818182 0.00909090909090909 0.00909090909090909 0 0.0272727272727273 0.0181818181818182 0.00909090909090909 0.0272727272727273
"2" 0.0181818181818182 0.0727272727272727 0.0363636363636364 0.0272727272727273 0.0181818181818182 0.00909090909090909 0.0181818181818182 0.0272727272727273 0.0727272727272727 0.0363636363636364 0.00909090909090909 0.0454545454545455 0.00909090909090909 0.0272727272727273 0.0454545454545455 0.0181818181818182 0.0272727272727273 0.0181818181818182 0.0272727272727273 0.0272727272727273
"3" 0.0272727272727273 0.00909090909090909 0.0363636363636364 0.00909090909090909 0.0545454545454545 0.0363636363636364 0.0272727272727273 0.0727272727272727 0.0454545454545455 0.0454545454545455 0.0181818181818182 0.0181818181818182 0.00909090909090909 0.0363636363636364 0.0181818181818182 0.0454545454545455 0.0181818181818182 0.00909090909090909 0.00909090909090909 0.00909090909090909
"4" 0.0818181818181818 0.0272727272727273 0.0272727272727273 0.0272727272727273 0.0181818181818182 0.0363636363636364 0.0454545454545455 0.00909090909090909 0.0363636363636364 0.0454545454545455 0.0363636363636364 0.0272727272727273 0 0.00909090909090909 0.0363636363636364 0.0272727272727273 0.0636363636363636 0.0363636363636364 0.00909090909090909 0.0272727272727273
"5" 0.0272727272727273 0.0454545454545455 0.0363636363636364 0.0454545454545455 0.0454545454545455 0.0909090909090909 0.0454545454545455 0.0545454545454545 0.0363636363636364 0.0272727272727273 0.0272727272727273 0.0181818181818182 0.0454545454545455 0.0363636363636364 0.00909090909090909 0.0636363636363636 0.0363636363636364 0.0363636363636364 0.0363636363636364 0.00909090909090909
"6" 0.0363636363636364 0.0272727272727273 0.0181818181818182 0 0.0181818181818182 0 0.0454545454545455 0.00909090909090909 0.0181818181818182 0.00909090909090909 0.00909090909090909 0.00909090909090909 0.00909090909090909 0.00909090909090909 0.00909090909090909 0.0181818181818182 0.0181818181818182 0.0272727272727273 0.0181818181818182 0
"7" 0.0181818181818182 0.0181818181818182 0.0181818181818182 0 0.00909090909090909 0 0.0272727272727273 0 0.00909090909090909 0.0272727272727273 0.0363636363636364 0.0181818181818182 0.0181818181818182 0.00909090909090909 0.0272727272727273 0.0272727272727273 0.0272727272727273 0.0181818181818182 0 0.0181818181818182
"8" 0.0363636363636364 0.0181818181818182 0.00909090909090909 0.0181818181818182 0.0363636363636364 0.00909090909090909 0.00909090909090909 0.0272727272727273 0.00909090909090909 0.0181818181818182 0.0363636363636364 0.0181818181818182 0.0272727272727273 0 0.0181818181818182 0.0363636363636364 0.00909090909090909 0.00909090909090909 0.0363636363636364 0.0181818181818182
"9" 0.00909090909090909 0.0272727272727273 0.0454545454545455 0.0363636363636364 0.0363636363636364 0.0272727272727273 0.00909090909090909 0.00909090909090909 0.0272727272727273 0.0272727272727273 0.0272727272727273 0.0181818181818182 0.00909090909090909 0.0272727272727273 0.0454545454545455 0 0.0181818181818182 0.0363636363636364 0.00909090909090909 0.00909090909090909
"10" 0.00909090909090909 0.0272727272727273 0.0181818181818182 0.00909090909090909 0.0272727272727273 0 0.0181818181818182 0.0181818181818182 0.00909090909090909 0.00909090909090909 0 0.00909090909090909 0.00909090909090909 0.0272727272727273 0.0181818181818182 0.0181818181818182 0.0181818181818182 0.0181818181818182 0.0181818181818182 0.0454545454545455
