"1" 0.192900908251345 -0.200429582341855 -0.0860658920269084 -0.0888919691148116 -0.0590218480389793 0.0455827841940903 -0.0528371414036109 0.0252782007580114 0.119087067547907 0.155189248167662 -0.108381037489676
"2" 0.190130742355774 -0.143661651109381 0.132424858295503 -0.0596287790916531 -0.167319974936496 -0.0334480659244268 -0.0186936576656594 0.144268792973391 0.0152163304928185 -0.0278820848461861 -0.172461109376025
"3" 0.0762350055554577 0.0728177137368236 -0.0681450298466028 -0.0966223959702423 0.0552626147824263 0.119546076406718 0.0264626605856493 0.0121913454695256 0.0121326450214398 0.113243921242407 -0.125739741327031
"4" -0.0710218228969906 -0.0803217139919183 0.0805958121287363 -0.0872346179145151 -0.0647879899287828 -0.00285017901149424 0.0598736636186808 0.00742673359819749 0.192368359599665 -0.0658008027300372 -0.134068629795074
"5" 0.0528316115433484 0.143259391110944 0.0789664504916081 -0.105388301999295 -0.0539093662029995 0.122287523153981 -0.113300640377402 0.15067150677997 -0.0638692633128698 0.0670960854754366 -0.136501698306824
"6" 0.365953340261301 -0.0601745116870886 0.105982361819754 -0.182316413179822 -0.0427474847019207 0.0676105419759128 0.0570782613041466 0.0947506158545917 -0.0658681253521474 0.084568600221699 -0.140546358404989
"7" 0.250757033630497 -0.072438972096554 0.0710617084501561 -0.0756184887901933 -0.190553153931656 0.071935916859018 -0.16389948458643 -0.0724358378951899 0.10133478001174 0.0164827790599161 -0.00478627883471122
"8" 0.454219811962467 -0.0886111815546628 0.0796897835733445 -0.101190003918382 -0.0950986754284151 -0.00527667904850874 0.0447313398765693 0.0724269799378333 0.113612111171333 0.0432423036278309 -0.206004711031385
"9" 0.0928237611772109 -0.00445692062902238 0.182351982598812 -0.0711700514464682 -0.137488569898644 0.110200073679914 -0.0870558931199629 0.0233780095579995 0.0354637345880869 0.0250281727745991 -0.0351328936194197
"10" 0.139729798932421 -0.113066115700552 0.000667350617948487 -0.153623678864642 -0.144909385493858 0.0251341840516172 0.16965424919234 -0.0308871171148952 0.00710362883533986 -0.0344679542417811 -0.0567254851802688
"11" 0.175448524785708 -0.131046428263998 -0.106336813215355 -0.165730762789327 0.0194024214476798 0.170924036080556 0.120061258824294 -0.0182787775644878 0.095565960998013 0.0898983316172977 -0.169040204956519
"12" 0.439201093980307 -0.0229033586086161 0.112008248939768 -0.177370699871968 -0.115668526292551 -0.0420894098817267 -0.0570493902080734 -0.00484041295277362 -0.0147386950588423 0.0585118312393925 -0.178966576287259
"13" -0.162398461814322 -0.0980654153837572 -0.0136711048165906 -0.0671871757994537 -0.202712425845464 0.0775657703710757 0.0820262584617913 0.0643148832765967 0.0445192439627961 0.108115100726402 -0.0601944528838066
"14" 0.127402373180011 -0.0791629159633447 0.074265825140969 -0.0896505494262045 -0.0819543409653315 -0.00392287025521367 0.172124226669523 -0.00373549414522832 0.197466854139787 0.0897361186735327 -0.151783441908843
"15" 0.306216250547857 -0.173638245532323 -0.00692820084501123 -0.154089076667893 -0.236352542205724 0.124145917941576 0.0662700691529137 -0.0145339650965766 -0.00971070807362537 0.0385528186511966 -0.0942098210569754
"16" 0.105743258627928 -0.0879201670551047 0.0416344919835779 -0.120264381318781 -0.0876966848406684 0.0382476266862378 0.0549420876494864 -0.0646668005193722 0.000489538716561544 0.0926684044590311 -0.0422563405746162
"17" 0.420953870453535 -0.0209964597128295 0.107301684459757 -0.0878212422684559 0.00499918806062576 0.0510763682240628 0.0374756324551719 0.0601731554110523 -0.095896175031622 0.132646643324446 -0.0670173374735713
"18" 0.268853074803869 -0.109724668037094 -0.00856520257781347 -0.200636291834618 -0.131679186329105 0.127126521052522 -0.0200585634321257 -0.0132610191229926 -0.0490436823055088 0.169652917812136 -0.111478192885957
"19" 0.293238222048977 -0.115281986793409 0.0421281848995374 -0.0808976226566098 -0.224806815149959 -0.0657866043434726 0.0247520731487602 0.0288559434981479 0.00266625118748479 0.0403775156869968 -0.153875260482367
"20" 0.12281076500565 -0.0871891637241336 0.0295158508977506 -0.111400696132791 -0.188915285498929 0.0133168742895137 0.0375918845481936 0.0966645081660342 0.0269546717838244 0.0807472869189799 -0.126277799961274
"1" 0.395182578819401 -0.15208967808054 0.0286783318723379 0.244022118058186 0.138090443567523 -0.0106219381803487 0.47650226483359 0.101179962998174 -0.162867167364597 -0.170468930754226 -0.28188567525932
"2" 0.352063433249631 0.0641170466817927 -0.0875898834524509 0.00849263476717535 0.0230191272281952 -0.186285044105973 0.190244535447986 0.146195178669277 0.0180012725374242 -0.195833177302732 -0.161695081127736
"3" 0.458352777418987 0.0071941272477906 0.155754576211137 -0.0531462547888883 -0.203301787782408 0.00343005305698092 0.0550364173698508 -0.250309558560572 0.0478163086601444 -0.0787986352694881 -0.108262660090794
"4" 0.0736436585360141 -0.311934514794649 0.0231338154142194 -0.18801036516979 -0.187543319212817 -0.0749854995656164 0.110329395260232 -0.00870241857815029 -0.200738903654881 -0.0338518708713072 -0.0747971421219699
"5" 0.431072787349832 -0.057784435375221 0.224147398156668 0.125912834381133 -0.00811495776050066 0.0940842671524059 -0.0869414404789935 0.0370388862174952 0.0223789442423805 -0.0702633731603921 -0.113892887179221
"6" 0.407315544340214 -0.354341965251993 0.107248435559767 -0.014492337865326 0.00735348140764448 -0.00541551552375236 0.10875333622036 -0.178333292243845 -0.187114678768698 -0.0834431841486101 -0.0127502999257744
"7" 0.600592136904875 -0.0104208000927469 -0.0121385964511874 -0.125329254700812 0.134614691559743 -0.0485203169947968 0.0212811855398267 -0.102752292918395 0.0320568625227021 -0.246559605219713 -0.0972586932078323
"8" 0.256954519445188 -0.215203077825185 0.156080093096598 0.113436270014391 -0.112240845652349 -0.152976363307505 -0.00512858791641369 -0.00301780403198724 -0.207663305265879 -0.191983885372686 -0.0843690997106599
"9" 0.478736963494675 -0.294102923777048 0.215792513500858 0.0660611896427556 0.0370649136405965 0.00571417879946374 0.0708956986826503 0.0981048224936032 -0.103963137273553 -0.046157939668275 0.0425744167078359
"10" 0.079509882456939 0.0301935323924572 0.194305476825605 0.0443067902678616 0.247799773720366 -0.0311152764214261 0.0387114670593461 -0.0791423316810395 -0.0170709506648614 -0.156929304763666 -0.0270342138035807
"11" 0.519094811903142 -0.193374841019985 -0.0430335094548111 -0.0109405851692398 -0.052858831130665 -0.0664350420049252 0.0667642447319852 0.202738741962015 -0.0332266410717932 -0.091308004396318 -0.101176559635145
"12" 0.198248045571833 -0.0117732132528303 -0.129223445112907 0.0984305171777223 0.00067132860287654 -0.0170328232301778 0.0380278796944757 0.282788115118627 -0.266394814843582 -0.185414269367387 -0.0174315380592166
"13" 0.435311831740857 -0.0118235493397803 -0.109942112799781 -0.0881081444452715 0.143023084330167 0.0865109251519442 0.092568493903114 -0.0687836872984161 -0.120847222652654 -0.0574526552920974 -0.0800849107705397
"14" 0.573599228530833 -0.00772660267749878 0.0362364340204112 -0.00638800419266578 0.0610215947782399 -0.0145093469790642 -0.00327211527070645 0.11694291622703 -0.0858774268785231 -0.107078212505749 -0.0851175560025648
"15" 0.286182475292703 0.0306610052076655 0.0782211272728102 -0.0145106224003587 -0.0706267253639976 0.102610774049139 -0.0106629678474719 0.108805883098051 -0.192171810328859 -0.160573998835997 -0.19101062628039
"16" 0.183924441198584 0.120211184350482 0.191487823515156 0.0626318764514371 0.208868274344228 0.100545451537247 0.126212273585823 0.181751408814012 -0.0125194351763215 -0.294110791112502 -0.27424323782821
"17" 0.529698729508418 -0.0293166567003917 -0.0373715841678212 0.181516645633427 -0.0967060207566182 -0.153225494970409 0.0940422985985625 -0.0837884483772301 -0.0789104915212969 -0.156422369174809 -0.0666992955304907
"18" 0.343028328877961 -0.218809043891404 -0.0747988698835392 -0.169419972167556 0.218098648116482 -0.0202562944658563 -0.000293968042506751 0.0135715875010534 -0.082465222035196 -0.127233802339425 -0.0341330766188562
"19" 0.151517498334137 -0.16156391746512 0.331337970295915 -0.00862911468400288 -0.171821605876937 -0.0246494674593865 0.087325585052256 0.189396884020341 -0.238841622136361 -0.111897807098236 -0.486596509104339
"20" 0.35071841466305 -0.016458399276252 0.119803511224578 -0.102864745718994 0.113468039686342 -0.0831194008554747 0.0876072723386263 -0.00848760193287255 -0.133017749600224 -0.140402503358752 -0.335080597644602
