"1" NA 2.78878941781707 0.390756549002473 0.0394430750258773 0.0402171628061181 0.0508788214811367
"2" NA 0.27945122136927 0.20883882017583 0.183438209089233 0.188279898872994 0.186244050608703
"3" NA 0.254059409706375 0.174579470617806 0.186549685702299 0.189025604541337 0.178585454819846
"4" NA 0.15522094077901 0.221097038024976 0.196568835745828 0.198790909108855 0.195150853928584
"5" NA 0.146118906674731 0.155192656347014 0.182942549533284 0.194392229975099 0.179268892911071
"6" NA -0.114723003076667 -0.173801371525019 -0.145117138542647 -0.147145810158785 -0.143311952514815
"7" NA -0.199049572209028 -0.155107232465348 -0.221825607129235 -0.219602637654863 -0.225157652218393
"8" NA -0.254434264685183 -0.258884134730508 -0.211943089109088 -0.20856273955728 -0.223875229065624
"9" NA 0.201771802047191 0.191578416305494 0.200830603755808 0.197639978571759 0.191716670792894
"10" NA 0.294382634858668 0.223624329564172 0.223567229885697 0.236546191461396 0.238198485636994
"11" NA 0.186446047787683 0.229610340341834 0.205296921562457 0.212164399913905 0.20715421334519
"1" NA 2.76160261497221 0.11485436830748 -0.295994501068545 -0.300547785321123 -0.300518149504089
"2" NA 0.2668110723712 0.222389066092967 0.217642709899675 0.217494148367212 0.214951539223886
"3" NA 0.14603005324548 0.143505530510107 0.194230800494164 0.196741646361346 0.188055006477678
"4" NA 0.173713032829379 0.23499131282971 0.215324423368484 0.212155840412572 0.212043664044949
"5" NA 0.270685887691281 0.231641706154984 0.202837386114145 0.201991507656318 0.209570807568675
"6" NA -0.108657511503889 -0.161196173244829 -0.196961355225406 -0.195230232152608 -0.19274389698009
"7" NA -0.211746268478409 -0.209829413215988 -0.203199667708014 -0.212823027502207 -0.203730721248044
"8" NA -0.241124246000024 -0.204943922501052 -0.196701279364104 -0.198262606575954 -0.192069937020324
"9" NA 0.102240333149128 0.176407991320008 0.166570995948512 0.178359256796841 0.169192807662826
"10" NA 0.124180163011815 0.192375784783938 0.22298332179263 0.233238360670733 0.22616238801153
"11" NA 0.121949855218103 0.182624720313725 0.194527241292539 0.196165646426371 0.187080373813765
"1" NA 2.40913506154229 0.669164715943572 0.22828772741738 0.225365056363337 0.227394234046209
"2" NA 0.341360018571758 0.145212190208451 0.186928085961888 0.183314265432007 0.189968616165128
"3" NA 0.191253552474188 0.220985294694726 0.211314328966885 0.207021738801379 0.214288304087333
"4" NA 0.241888284911252 0.21061026864233 0.209330590047773 0.203407780743556 0.208427268509569
"5" NA 0.263308812963979 0.264518934466457 0.207140123603912 0.211460898371618 0.210797025907669
"6" NA -0.15999642192736 -0.156562052925192 -0.185427041166919 -0.184451943755289 -0.181422580702176
"7" NA -0.192174857338435 -0.210184412422364 -0.202408451835361 -0.210627798303117 -0.210591715554262
"8" NA -0.204935674983674 -0.197178249543855 -0.18994739921203 -0.198625022311353 -0.186355356993212
"9" NA 0.0577042795740443 0.132037519626851 0.186451964003284 0.186915976759228 0.18266194602808
"10" NA 0.123647490396044 0.179346121881106 0.181446967590598 0.173217915480402 0.179049373828953
"11" NA 0.250118127521424 0.256432241236957 0.235737491923771 0.239177998379178 0.238392811874797
"1" NA 1.89041064740312 0.316973434708429 -0.112962401388805 -0.0988353591371851 -0.105309927180341
"2" NA 0.081731196690127 0.191102794129909 0.207040727284299 0.217663224779012 0.207835965042864
"3" NA 0.144581215567716 0.185336596862584 0.17292065604497 0.169927420142971 0.168280029330345
"4" NA 0.225695424342031 0.203882530688663 0.176649703197792 0.184399748714104 0.185829925035953
"5" NA 0.222955811708552 0.200090433342775 0.20592777829926 0.199826795462621 0.216020417787232
"6" NA -0.154272053344163 -0.153813199024263 -0.173998721210827 -0.174619862010109 -0.168050067075935
"7" NA -0.0961553288692848 -0.191465447242147 -0.207910009050351 -0.204651728678255 -0.201006811694238
"8" NA -0.0773545625753816 -0.18607794719187 -0.222651046795666 -0.226895368802542 -0.221316762852034
"9" NA 0.189381056743161 0.211493892477744 0.202311479969668 0.214779159404056 0.198753752489144
"10" NA 0.26496054956156 0.260005327122192 0.232265025642792 0.234288196725608 0.223293894099441
"11" NA 0.245418903280305 0.143491019090045 0.166111902164502 0.176413207134257 0.194880772801767
"1" NA 2.75311010153466 0.00403786787108247 -0.239322992273253 -0.242739401882542 -0.242448900221864
"2" NA 0.165359074217216 0.197411805324431 0.210931049223044 0.207946877770176 0.206737748813081
"3" NA 0.144463694964517 0.250165946978481 0.182782705892437 0.186391677675001 0.1867855326077
"4" NA 0.162377902839882 0.180937099968035 0.178917082751823 0.177624188931194 0.171382385310659
"5" NA 0.335524145072455 0.235560329178467 0.204512220030041 0.211570218302621 0.209029206005369
"6" NA -0.16753599947216 -0.146131160547666 -0.194232217574637 -0.193227737468767 -0.187499265097459
"7" NA -0.0522297299522137 -0.144607441818805 -0.216352753193426 -0.222931105093602 -0.215164007643773
"8" NA -0.197686349611861 -0.210708341437941 -0.22792558005273 -0.235287766177343 -0.226044184271383
"9" NA 0.13622468224811 0.130624630818413 0.18078383172976 0.187242716034837 0.183714872970636
"10" NA 0.239129089428444 0.179648720422942 0.199522733507567 0.196213047746091 0.203420656347984
"11" NA 0.237144052080462 0.232962514865902 0.215730259115884 0.20978624676804 0.212403227875439
"1" NA 2.98244404880102 0.341166467244027 -0.0489137830153105 -0.0489466214745091 -0.0521099635965367
"2" NA 0.129230635581927 0.201529775748699 0.214869446764646 0.215299273627117 0.230760388285453
"3" NA 0.252131296167085 0.182576724267953 0.18284347401463 0.182580937930638 0.187733302080209
"4" NA 0.144400241754877 0.190798506006288 0.200159284912902 0.20004532304322 0.200035644886319
"5" NA 0.181766447574839 0.203179691767311 0.198454470333408 0.198562895286829 0.182820355810054
"6" NA -0.113209975828313 -0.20572287282004 -0.20357460189093 -0.20379880460054 -0.201938853817908
"7" NA -0.268514397767228 -0.177127738743443 -0.1881964357163 -0.188239012828905 -0.189757843664857
"8" NA -0.0868041620473071 -0.151406076517012 -0.21522961811823 -0.215102572012404 -0.224934991007712
"9" NA 0.207709716690824 0.163503863056969 0.192002660807729 0.191757282372541 0.197421425949967
"10" NA 0.191151682923722 0.220874178312316 0.204333891102363 0.204265252637902 0.212361831624707
"11" NA 0.218240318770296 0.185559023443398 0.182315507590414 0.182482310896864 0.167279591637163
"1" NA 2.99248449362975 0.505325795409445 0.00824978839400496 0.0127539143332246 0.000550887893063136
"2" NA 0.184148277161706 0.221071207845721 0.204627883021941 0.197851156224679 0.209889584411054
"3" NA 0.308698146485313 0.240642980930374 0.18535624108676 0.208486107566938 0.194977268303407
"4" NA 0.174471700187837 0.157554641337275 0.186030309749568 0.181242574551927 0.184111302099246
"5" NA 0.173787729784984 0.154388012394335 0.202179510688013 0.186402373097526 0.206235290529173
"6" NA -0.151694685590255 -0.19011035587829 -0.211633661352978 -0.218527710585695 -0.22664595118517
"7" NA -0.170316848025547 -0.136944365874841 -0.207498920095649 -0.218232816466224 -0.254713795751595
"8" NA -0.214592217128975 -0.206748048443712 -0.19208898177162 -0.182952129217603 -0.183673235624228
"9" NA 0.148777409959466 0.216131164382263 0.207892597951413 0.193566600277066 0.199737393789954
"10" NA 0.244036903514386 0.189551743619717 0.192706367758737 0.199557821650572 0.207976196848541
"11" NA 0.108638960047324 0.193949828601844 0.185589673053739 0.180885133325713 0.178660094347049
"1" NA 2.50167009395305 0.351375907158 0.0386476986411401 0.0362251846824217 0.0372264593544957
"2" NA 0.124598564263291 0.142089679505255 0.166775166254437 0.155794863016348 0.171004360539416
"3" NA 0.159391476135169 0.173873095942717 0.216930262937642 0.211613795256201 0.220613693207715
"4" NA 0.131825781087881 0.260907595544741 0.202831908381267 0.214356951581281 0.195615439366659
"5" NA 0.194333094492352 0.218618467666871 0.213519179060378 0.223878360820095 0.221224210403012
"6" NA -0.150696158270398 -0.216594972168512 -0.22312345619071 -0.254136752144331 -0.242490773648615
"7" NA -0.266668540043753 -0.244676576389759 -0.204304094850936 -0.206167938181121 -0.197027974409401
"8" NA -0.146484730713615 -0.258027937466547 -0.204158849631212 -0.187897344095725 -0.184700130679934
"9" NA 0.0993835205973006 0.196400848790046 0.183856816149645 0.166587229998784 0.172292197172036
"10" NA 0.212805272511875 0.195783047622414 0.180046425541628 0.174575321154787 0.166954827175008
"11" NA 0.274882819240744 0.219242828442856 0.202647792276834 0.218407862174993 0.212159747940761
"1" NA 2.77520365244473 0.157210632954471 -0.110316750952591 -0.110369080352737 -0.109722185987638
"2" NA 0.136784984007993 0.232802846934712 0.216223965370538 0.217143945397301 0.213882142371035
"3" NA 0.228459540169854 0.179797264497767 0.1880519054887 0.188484882624337 0.192854885920773
"4" NA 0.2215455218501 0.171685571309258 0.173044033817237 0.173283331274434 0.176146322609362
"5" NA 0.287267162861399 0.229727288771175 0.200623942880361 0.200615165020634 0.195770372612037
"6" NA -0.23183594734622 -0.176032478195276 -0.18125920121559 -0.181015819677538 -0.183144760988698
"7" NA -0.165927215321771 -0.128809716660308 -0.190172722423825 -0.190292920610358 -0.189778581882407
"8" NA -0.266228170403805 -0.190743270908785 -0.195715042464905 -0.195961705793837 -0.198554408130175
"9" NA 0.263485181987042 0.264281678523303 0.203040741324213 0.203096274628028 0.205163834651209
"10" NA 0.173539889787376 0.193274873488744 0.194331217308882 0.194334634122136 0.195938670423721
"11" NA 0.148917593006481 0.196946514379611 0.229553363652849 0.229400897556637 0.23617782809263
"1" NA 2.95285801819469 0.436605791683533 0.00105302908318487 -0.000338013183294736 -0.00533897722875245
"2" NA 0.183662172971484 0.1825137039154 0.187092072897039 0.182068390831052 0.193677119587052
"3" NA 0.221894764155083 0.211836779678416 0.191466242036103 0.200052347175246 0.202776641122788
"4" NA 0.223796136524141 0.182644163187909 0.184859528652025 0.181298143775063 0.189148737895496
"5" NA 0.171922691118356 0.153493045435347 0.191107514667983 0.188583281441325 0.189070556402226
"6" NA -0.2104867055654 -0.264907652050419 -0.199735418990796 -0.197305843887318 -0.194306701047373
"7" NA -0.171673176867937 -0.203090255399151 -0.204533176791139 -0.204218419547739 -0.204739356589003
"8" NA -0.21715716965591 -0.190216676592273 -0.216062845427344 -0.207653002844354 -0.201754340629637
"9" NA 0.207189006669019 0.173979713152837 0.19223196054431 0.186390926813797 0.195195331074507
"10" NA 0.152921371888834 0.207976645268754 0.218482758887568 0.229306123495018 0.238361442468202
"11" NA 0.27329225286471 0.248005518579273 0.212422597803139 0.210656137681333 0.212013701638186
"1" NA 2.53255876965104 0.259325284304553 -0.0294861498114524 -0.0317432515863979 -0.0336795292127306
"2" NA 0.236206467101312 0.242649870836858 0.204437482587296 0.205676426893498 0.201925353907018
"3" NA 0.221924510680981 0.207578152858412 0.203616247370563 0.208323412542529 0.21094799901245
"4" NA 0.223508651740181 0.166910137512788 0.199941695570824 0.18606127327693 0.209486379442356
"5" NA 0.212384743085206 0.202079171636331 0.202979902162292 0.19722328595385 0.208038470134918
"6" NA -0.321191532378452 -0.219092386151999 -0.215294049262079 -0.190689914477514 -0.199697650457583
"7" NA -0.303385455746008 -0.251397600983361 -0.21614958842692 -0.219365535189708 -0.210951733540232
"8" NA -0.189253675922778 -0.188236159090586 -0.187303442378884 -0.166176360728599 -0.18056107689707
"9" NA 0.158025779283204 0.219302246268335 0.206724588564012 0.205885309974412 0.200162007476384
"10" NA 0.135538259115478 0.128343916188103 0.175455659444242 0.178519739386968 0.182306739074329
"11" NA 0.262846157234775 0.207314517243515 0.178814137921057 0.18846441911589 0.19120059581915
"1" NA 2.63056304570864 0.585662714954611 0.077330410067784 0.074462234521387 0.072166637018958
"2" NA 0.231490516185855 0.165713913116253 0.175625301365039 0.181093104975803 0.182030351091863
"3" NA 0.299273178365181 0.19387077926338 0.201223340327628 0.204891007289159 0.207162909910165
"4" NA 0.229070847072488 0.199882461922225 0.203772034377304 0.200743493516429 0.205489511970461
"5" NA 0.237252981805481 0.175996026698909 0.199239647582957 0.199021005840798 0.201143868519338
"6" NA -0.178769274739665 -0.223678605903866 -0.224963122652977 -0.225407293809483 -0.223878216184883
"7" NA -0.104915996267278 -0.140663818108669 -0.169200210843556 -0.168523726751908 -0.164546806799715
"8" NA -0.258551998930047 -0.235617954007871 -0.205211456198899 -0.198839879026808 -0.205594809368373
"9" NA 0.157868434541498 0.202126140954366 0.198961536307037 0.200530377552407 0.20199861763758
"10" NA 0.0842075813058903 0.142482253232455 0.189901228716472 0.196394382512917 0.192014315931421
"11" NA 0.182425212361226 0.142360767576559 0.18173795325558 0.181006099628499 0.177827251283467
"1" NA 2.6162347409958 0.41066944560528 -0.0378275478804571 -0.036948624165484 -0.0393821793297301
"2" NA 0.0630498703551026 0.157115181788276 0.182557539639241 0.185563603840796 0.193483794773382
"3" NA 0.264091407272379 0.245349111936771 0.216179488499385 0.217806060306203 0.20713156167915
"4" NA 0.118534032731075 0.221426392495747 0.21276773925637 0.204655655754589 0.194494758460128
"5" NA 0.163622128436092 0.146841028539532 0.192640329339383 0.188504279872521 0.199603085624133
"6" NA -0.348540941360811 -0.237577443246478 -0.203032836633549 -0.20633665414925 -0.2016169836084
"7" NA -0.147984974682076 -0.172096751313426 -0.217204587241137 -0.223439242486924 -0.225895500040716
"8" NA -0.0866228282475242 -0.148045037601989 -0.195511254501214 -0.178866199770565 -0.193425770752993
"9" NA 0.05706868704974 0.178740805142656 0.200167521224817 0.203426132477528 0.201874788257367
"10" NA 0.281882716829786 0.212276195464424 0.206718425980629 0.204791696583371 0.199719969167359
"11" NA 0.146488015450516 0.261504562217599 0.191792436659507 0.194344159345545 0.197622834225197
"1" NA 3.09730667465284 0.613668622449317 0.279698550980239 0.280310787462958 0.282642589211533
"2" NA 0.233674934477666 0.216449917930727 0.215203541130927 0.211859680136966 0.208744640656632
"3" NA 0.096294022904715 0.175175233140126 0.188136419550242 0.18737264447348 0.196096673294197
"4" NA 0.250094778472436 0.191767525125589 0.192798854889023 0.190906525989399 0.177989290587903
"5" NA 0.10917753238106 0.172975858581145 0.226887987808606 0.226021365416454 0.221839680459017
"6" NA -0.106589316805018 -0.164329053421391 -0.172809650578474 -0.168675816283877 -0.164936787197782
"7" NA -0.118384648797804 -0.125087689655306 -0.206094672654715 -0.202762104655674 -0.192441945889729
"8" NA -0.180298611196864 -0.207110849774347 -0.213817187750869 -0.219231261103514 -0.210397555373577
"9" NA 0.175896314559072 0.222116190616882 0.213011049294162 0.216161845501221 0.206259071231471
"10" NA 0.201163067569579 0.218146682361276 0.219608693068642 0.222006100775817 0.224330046878989
"11" NA 0.111473183538463 0.209667860387583 0.185550144323021 0.17456632238217 0.180527920268086
"1" NA 2.13265050090626 0.505880008644755 -0.0771858313139973 -0.0757983845098048 -0.0770491874743968
"2" NA 0.20758609544676 0.180120665125783 0.212571802820606 0.21338571639783 0.210974974804811
"3" NA 0.342959431690812 0.220781951053115 0.211119465978698 0.21339676585626 0.21266315135233
"4" NA 0.205482168831793 0.224759348167197 0.230733492603653 0.2404393118941 0.227938964337687
"5" NA 0.0847957852685841 0.180019840449514 0.203256263323967 0.207767496579677 0.209438182123038
"6" NA -0.0968230288444972 -0.188249658369414 -0.205352049106602 -0.206778042917936 -0.205314991355242
"7" NA -0.204716468860768 -0.167386828880876 -0.222542734053363 -0.221633941571957 -0.214904719106525
"8" NA -0.181388917518531 -0.224137044028413 -0.215758258494992 -0.218119202553662 -0.203520658071583
"9" NA 0.248042549594533 0.274675016535868 0.225005318314381 0.230291211126551 0.22955280180021
"10" NA 0.18167649023262 0.163722502856896 0.201761831948296 0.207410097322363 0.205630169816883
"11" NA 0.256374578121594 0.194885868695832 0.207625860691925 0.214335847338899 0.218023489009979
"1" NA 3.03015012226413 0.193848366155157 -0.102016150938907 -0.103042790792499 -0.103376656776647
"2" NA 0.196794425408225 0.221920707853527 0.181943653790512 0.175211402447726 0.178947140747053
"3" NA 0.13809936231453 0.164604924148925 0.173236159590985 0.177604685321383 0.16615532458541
"4" NA 0.177676851300725 0.231822381242402 0.194264087024231 0.194650854569381 0.194720979841158
"5" NA 0.0420986814911737 0.166493315979889 0.203308553060426 0.206870204079726 0.202509628954953
"6" NA -0.144317491618332 -0.19575379857914 -0.20381262655149 -0.205932616381383 -0.205201521459058
"7" NA -0.110682643281915 -0.1996227554426 -0.171518401709015 -0.18573328478255 -0.178608364325632
"8" NA -0.230809917518526 -0.223784372921631 -0.18961962264627 -0.190183648728922 -0.191179541357593
"9" NA 0.269788738319586 0.233841826595161 0.214817567144275 0.211765268484895 0.216985474948231
"10" NA 0.150468083090848 0.171230917125729 0.20979536947768 0.216259574113198 0.216664076901481
"11" NA 0.0647192559234895 0.254252761475662 0.233384470895839 0.224841819626673 0.228598202245474
"1" NA 2.73327996662049 0.372077310772212 -0.100942879824808 -0.102022811553213 -0.104208936029484
"2" NA 0.0278327857875639 0.198662944392399 0.208168539359458 0.210658204200642 0.222954680156137
"3" NA 0.14785057952148 0.187919205253591 0.175909814368502 0.163292388243043 0.154807822044094
"4" NA 0.174505616130855 0.199689905867288 0.207592148783162 0.209973208438597 0.218505513702162
"5" NA 0.26139596658186 0.19736091159317 0.207909245530626 0.205779244559356 0.220365265985027
"6" NA -0.0995145815656638 -0.139463296551853 -0.187786824967206 -0.186139275560219 -0.1781820377079
"7" NA -0.161177274945621 -0.192082280629443 -0.198977607771777 -0.211525512676464 -0.196995994385666
"8" NA -0.193143017481643 -0.186504956481863 -0.212841928079465 -0.217028356860927 -0.212019624376807
"9" NA 0.170887269890062 0.146137950333529 0.18562776644949 0.192568776185705 0.186192287089154
"10" NA 0.0985794699215193 0.199558279759103 0.217007418621047 0.230428191457376 0.227647271802284
"11" NA 0.172144219961711 0.203239615885587 0.229175711914727 0.226336010024402 0.239990923579169
"1" NA 2.51684665323737 0.430855049451535 -0.0115304407438298 -0.0116651166531113 -0.0131315783172277
"2" NA 0.168954855849651 0.19761006232434 0.211309524876772 0.193865694353659 0.194043232552175
"3" NA 0.286380227974362 0.273563485374727 0.239780411923616 0.243154172374678 0.246925752686483
"4" NA 0.24774797486989 0.179555729362672 0.184582462153958 0.194054227513502 0.203845922463007
"5" NA 0.156068009358527 0.134396932024616 0.185566138211095 0.182965084215872 0.196576996500671
"6" NA -0.218078391330537 -0.193145038930318 -0.191500687571432 -0.198616077118268 -0.196413449479012
"7" NA -0.102489608849567 -0.184660787571358 -0.180167522805454 -0.175507995868669 -0.172164004947285
"8" NA -0.172625933846378 -0.167777743682141 -0.197526830294692 -0.203992356157373 -0.19593353882233
"9" NA 0.214017573319354 0.230371755423341 0.180015786254481 0.180111902909655 0.188183436853223
"10" NA 0.280975202307736 0.243493801064093 0.211667545219196 0.215670450919967 0.234093173426623
"11" NA 0.243525409143014 0.190953172593865 0.180479075766851 0.177380293963438 0.196514625159017
"1" NA 2.67650123126561 0.413617429523363 -0.0711810655343895 -0.0727460938093333 -0.0490197757074314
"2" NA 0.261487045522306 0.219714114548958 0.232131430409895 0.243087914796244 0.241813060247305
"3" NA 0.202725061627892 0.163926660776488 0.175216859540853 0.162179900618727 0.161911014819664
"4" NA 0.155311653231528 0.219837834974747 0.200683386602125 0.199562135087808 0.20533638507277
"5" NA 0.352744827449648 0.267970894268516 0.213893405074267 0.214645664191064 0.221031086802633
"6" NA -0.216908909795187 -0.140004726887258 -0.16092823831201 -0.173690006657009 -0.160606506353493
"7" NA -0.210842721126151 -0.169656538113551 -0.174803344100014 -0.167251714794802 -0.161236564309976
"8" NA -0.165248359311975 -0.186309779115862 -0.216540002002928 -0.204996354170028 -0.211695658129696
"9" NA 0.217580027713545 0.194868484057785 0.198590983268927 0.199242382083365 0.196178114980532
"10" NA 0.171873030377177 0.144824708529876 0.200864452623011 0.193202446990866 0.187128748168897
"11" NA 0.185304581185395 0.24508754816568 0.203931739218538 0.213737333819203 0.189918629172039
"1" NA 3.04171869079993 0.271337094717974 0.00896592751793631 0.00854937723947767 0.00964012460762929
"2" NA 0.155263131391262 0.165252696490221 0.194445162725109 0.196921184196184 0.187647320720238
"3" NA 0.302145220889013 0.263485667072252 0.213856449128648 0.218010609615551 0.220152675194386
"4" NA 0.210757621972508 0.214508730933969 0.187508060010738 0.191794503367657 0.187157262407363
"5" NA 0.24248971993921 0.171993672940762 0.171517722157535 0.166898702899572 0.169121951070037
"6" NA -0.151934514995589 -0.220095750331062 -0.22171405496744 -0.218490193256713 -0.205754167025895
"7" NA -0.25827907139868 -0.228884410970435 -0.189213302696478 -0.192186729644615 -0.192047701559263
"8" NA -0.139539665192669 -0.172867287156292 -0.200401097400811 -0.200158952614842 -0.205403112542274
"9" NA 0.195265487734961 0.188747104710135 0.193004231202512 0.191065565044658 0.18233640316379
"10" NA 0.133031722991626 0.127730360315914 0.183883771268867 0.186073525846781 0.192710787613258
"11" NA 0.210137776241792 0.17559969097603 0.195804842679489 0.200180552334019 0.194457826044714
"1" NA 2.85272116621103 0.522798264035117 0.0249143382946707 0.0246167667854345 0.0238539690247496
"2" NA 0.181483274695379 0.205159532757853 0.214555536851436 0.213043546187176 0.225685926285153
"3" NA 0.215322257487974 0.208036608037186 0.220134014275365 0.224825076565627 0.217037614004133
"4" NA 0.230303467599005 0.22015013811451 0.208376658952961 0.209846604635006 0.201954909577929
"5" NA 0.141970836526221 0.179121991523557 0.200579468429675 0.197654935483301 0.19586859522211
"6" NA -0.108171417778623 -0.217688731569591 -0.212067142884541 -0.216340289672644 -0.205494109436531
"7" NA -0.181223274365937 -0.201417026972216 -0.218699721469081 -0.221437335318954 -0.218751931050567
"8" NA -0.217998966132046 -0.255229688280461 -0.231526665080678 -0.225508504818891 -0.237839875930251
"9" NA 0.245209695030423 0.184502622148146 0.162868944142728 0.160939182002306 0.144358189649149
"10" NA 0.220749996088426 0.190166803861901 0.194199969932056 0.199234063809555 0.196948182608243
"11" NA 0.17496142983043 0.180958379878712 0.1899915969934 0.192661654919619 0.192930673753109
"1" NA 2.767650991776 0.623542787148027 0.0989552777651146 0.0989545723532274 0.112893738805562
"2" NA 0.210709038297201 0.20089773730299 0.236515577144117 0.236481528665913 0.230370987142954
"3" NA 0.315540419892852 0.236329489230301 0.198013022135334 0.198020675427665 0.188232735326647
"4" NA 0.248873779806933 0.190685421035883 0.186397722339935 0.186381636827946 0.194102983457785
"5" NA 0.225957022488779 0.208330287534691 0.215962955200053 0.215951482196839 0.222844187564303
"6" NA -0.186658911290221 -0.190746420156195 -0.219609180716354 -0.219606217291831 -0.212654174040072
"7" NA -0.242202182228327 -0.184363757921478 -0.171020282467843 -0.170993188446961 -0.153835075758252
"8" NA -0.222475738650871 -0.184193031293409 -0.197721672296001 -0.19775180213515 -0.213319889723407
"9" NA 0.33761878858679 0.263917943685389 0.200263730979878 0.2002523150002 0.192090785071044
"10" NA 0.324286247244018 0.25901946309039 0.203217807400312 0.203308402072476 0.193302879138201
"11" NA 0.207022926950086 0.211331503368029 0.219154905767533 0.21913383741183 0.228622988669076
"1" NA 2.71104891663079 0.452156341040706 0.0258586508217887 0.0326283727452428 0.0315403699653271
"2" NA 0.224785520321015 0.197506296071971 0.19406731766077 0.196784948561083 0.19538266860341
"3" NA 0.187604068272263 0.190235474442793 0.201728975160992 0.195612626743508 0.177091010521743
"4" NA 0.1714385637574 0.195386444949649 0.225091946988261 0.22326098076712 0.219267512446535
"5" NA 0.355904460260473 0.235933427476554 0.221062804790033 0.21474284524019 0.205501391404801
"6" NA -0.157764315956783 -0.210986813325198 -0.179208469546704 -0.177706272656249 -0.171497578613688
"7" NA -0.164870917545583 -0.21093689367012 -0.209122338704622 -0.206456617173987 -0.219086028729317
"8" NA -0.125210692813476 -0.130055298120129 -0.210456163186197 -0.20738913374685 -0.218569604304395
"9" NA 0.0262696707139401 0.10411675209548 0.162360645086045 0.164773213047476 0.161279546224487
"10" NA 0.215074912363013 0.206241674874657 0.164278078052765 0.168694127250316 0.173700955349652
"11" NA 0.151606426193771 0.166881115930237 0.204647646687276 0.199149567149952 0.194831435744148
"1" NA 2.62655430982459 0.563306972160836 -0.0391910186456706 -0.0409024568690941 -0.0409099329448185
"2" NA 0.193415510047101 0.201440781820812 0.192958676359738 0.196051945280958 0.194506110952435
"3" NA 0.118115735621624 0.180652323831812 0.202667560921218 0.200210455551093 0.197999622249721
"4" NA 0.117569949705552 0.121590758928362 0.178389360862178 0.182421919454735 0.175662459554403
"5" NA 0.138827793042235 0.245328254005377 0.219123232095589 0.222027639147717 0.227911377193689
"6" NA -0.159232698273843 -0.144986084955598 -0.175644441940109 -0.175198308347266 -0.168021110647345
"7" NA -0.126316473827496 -0.16303865736048 -0.188680061430648 -0.194397931599809 -0.193896722803113
"8" NA -0.28067952207853 -0.198264605014883 -0.198810180662192 -0.198885646063921 -0.187609538917332
"9" NA 0.378596903784644 0.241108108511429 0.214953093662122 0.215282141094862 0.221871539145279
"10" NA 0.186859453985587 0.179078636094996 0.189347128713284 0.19308175272136 0.187406618370205
"11" NA 0.168124289022831 0.187582045848884 0.178885825838148 0.180861103934348 0.181089879472984
"1" NA 2.86303543726837 0.119895271547662 -0.330409784229522 -0.332191622341945 -0.332152967857172
"2" NA 0.188013746531338 0.22313466922314 0.180132879447552 0.183605128933525 0.190392330458276
"3" NA 0.291087116468533 0.196171333375595 0.179130577560721 0.186784986633692 0.182616504679098
"4" NA 0.148232287667098 0.163330379808197 0.21885315504272 0.221001104143 0.229553383925811
"5" NA 0.275288581297103 0.223397329274389 0.205571317742731 0.201164949862452 0.203802050736653
"6" NA -0.110727451536372 -0.204067210002116 -0.210976532107662 -0.205826419584664 -0.191691473967227
"7" NA -0.0843020531236901 -0.195702896504526 -0.206445367068624 -0.20483932477314 -0.211645966130266
"8" NA -0.243057503659206 -0.178097656432047 -0.184722693230323 -0.181954361286248 -0.177803280078658
"9" NA 0.211218911900823 0.156287626786059 0.188877601045527 0.188550644982008 0.188153729700967
"10" NA 0.213506177166293 0.187508525918194 0.153184737122351 0.151644890556148 0.149564734512425
"11" NA 0.201699608608127 0.186468578934007 0.199205769352545 0.197740394010618 0.207648981057889
"1" NA 2.78878941781707 0.390756549002473 0.0394430750258771 0.0508229684888903 0.0399537671409739
"2" NA 0.27945122136927 0.20883882017583 0.183438209089224 0.19054138079588 0.189454979126254
"3" NA 0.254059409706375 0.174579470617806 0.186549685702301 0.185230288613604 0.180060591945781
"4" NA 0.15522094077901 0.221097038024976 0.196568835745824 0.197002912041197 0.195393926410152
"5" NA 0.146118906674731 0.155192656347014 0.182942549533281 0.184275160082391 0.188093149563753
"6" NA -0.114723003076667 -0.173801371525019 -0.145117138542643 -0.146013108114196 -0.151568164107697
"7" NA -0.199049572209028 -0.155107232465348 -0.221825607129232 -0.2242683682929 -0.227289418713483
"8" NA -0.254434264685183 -0.258884134730508 -0.211943089109081 -0.218978510072089 -0.214892209482028
"9" NA 0.201771802047191 0.191578416305494 0.20083060375581 0.200931316843016 0.193678798321234
"10" NA 0.294382634858668 0.223624329564172 0.223567229885695 0.229912196406768 0.234358571415168
"11" NA 0.186446047787683 0.229610340341834 0.205296921562455 0.208571488753032 0.209457796544648
"1" NA 2.85272116621103 0.52279826403509 0.0249143382946707 0.0261344447777693 0.0250349287688075
"2" NA 0.181483274695379 0.205159532757882 0.214555536851436 0.219321291709975 0.219475522426939
"3" NA 0.215322257487974 0.208036608037186 0.220134014275365 0.212572948785885 0.220718801359426
"4" NA 0.230303467599005 0.220150138114503 0.208376658952961 0.201105103578367 0.192713107996538
"5" NA 0.141970836526221 0.179121991523551 0.200579468429675 0.203639170449673 0.188742318668475
"6" NA -0.108171417778623 -0.2176887315696 -0.212067142884541 -0.200852849052893 -0.21602868805549
"7" NA -0.181223274365937 -0.201417026972216 -0.218699721469081 -0.216936240908314 -0.212020662292158
"8" NA -0.217998966132046 -0.255229688280465 -0.231526665080678 -0.230971849961919 -0.230748543605625
"9" NA 0.245209695030423 0.184502622148148 0.162868944142728 0.164610397649861 0.145516414969902
"10" NA 0.220749996088426 0.190166803861897 0.194199969932056 0.196106170680219 0.198459764723756
"11" NA 0.17496142983043 0.180958379878713 0.1899915969934 0.183965654867463 0.218424070636637
"1" NA 2.77520365244473 0.157210632954481 -0.110316750952574 -0.109505727559254 -0.109794929666243
"2" NA 0.136784984007993 0.232802846934726 0.21622396537055 0.212725121617303 0.218636146930921
"3" NA 0.228459540169854 0.179797264497779 0.188051905488697 0.188862719592056 0.189237724786094
"4" NA 0.2215455218501 0.171685571309263 0.173044033817235 0.17523655138956 0.170329061846482
"5" NA 0.287267162861399 0.229727288771184 0.200623942880359 0.198563380413124 0.182675826281204
"6" NA -0.23183594734622 -0.176032478195272 -0.181259201215589 -0.184413946354788 -0.178625478365749
"7" NA -0.165927215321771 -0.128809716660305 -0.190172722423834 -0.18852768970569 -0.177286117826363
"8" NA -0.266228170403805 -0.19074327090878 -0.195715042464904 -0.19656452793468 -0.203110564069431
"9" NA 0.263485181987042 0.264281678523313 0.203040741324213 0.205589908703632 0.211864104283269
"10" NA 0.173539889787376 0.193274873488751 0.194331217308879 0.196496547091812 0.184653026831517
"11" NA 0.148917593006481 0.196946514379615 0.229553363652846 0.231313047724068 0.231312988689792
"1" NA 2.71104891663079 0.452156341040706 0.025858650821799 0.0180917866850657 0.0304938630438098
"2" NA 0.224785520321015 0.197506296071971 0.194067317660763 0.189898439272961 0.188223856816824
"3" NA 0.187604068272263 0.190235474442793 0.201728975160999 0.172927355312107 0.183045602118753
"4" NA 0.1714385637574 0.195386444949649 0.225091946988263 0.227879859309044 0.227585247002422
"5" NA 0.355904460260473 0.235933427476554 0.221062804790032 0.226733355636411 0.224856270806926
"6" NA -0.157764315956783 -0.210986813325198 -0.179208469546706 -0.178960709654151 -0.166902507869544
"7" NA -0.164870917545583 -0.21093689367012 -0.209122338704626 -0.219452853088276 -0.210085418033066
"8" NA -0.125210692813476 -0.130055298120129 -0.210456163186199 -0.212289875780479 -0.210162371291023
"9" NA 0.0262696707139401 0.10411675209548 0.162360645086043 0.156901582326235 0.151641201854054
"10" NA 0.215074912363013 0.206241674874657 0.164278078052762 0.167701478379054 0.166040841237603
"11" NA 0.151606426193771 0.166881115930237 0.204647646687278 0.212139764670718 0.194303866363189
"1" NA 2.6162347409958 0.410669445605303 -0.0378275478804686 -0.0370339632805417 -0.0395921137347868
"2" NA 0.0630498703551026 0.157115181788284 0.182557539639237 0.185620462118067 0.183673913294858
"3" NA 0.264091407272379 0.245349111936753 0.216179488499381 0.21797389142211 0.216029041821231
"4" NA 0.118534032731075 0.221426392495742 0.212767739256373 0.204861821605699 0.206539467720434
"5" NA 0.163622128436092 0.146841028539535 0.192640329339375 0.190608648045511 0.214065480288989
"6" NA -0.348540941360811 -0.23757744324648 -0.203032836633553 -0.204966844568754 -0.203491379231072
"7" NA -0.147984974682076 -0.172096751313428 -0.217204587241136 -0.225553799063676 -0.222803174444005
"8" NA -0.0866228282475242 -0.148045037601984 -0.19551125450121 -0.177726721421184 -0.189083574163825
"9" NA 0.05706868704974 0.17874080514265 0.200167521224807 0.20385855715179 0.20378033871924
"10" NA 0.281882716829786 0.212276195464426 0.206718425980631 0.202994736863936 0.200213242976336
"11" NA 0.146488015450516 0.261504562217602 0.191792436659505 0.195244857940949 0.205533028048518
"1" NA 2.67650123126561 0.413617429523321 -0.071181065534381 -0.0722289930654308 -0.0793869327041139
"2" NA 0.261487045522306 0.219714114548961 0.232131430409909 0.242075093359907 0.243983805024707
"3" NA 0.202725061627892 0.163926660776502 0.175216859540852 0.162158150803197 0.158112333560826
"4" NA 0.155311653231528 0.219837834974734 0.200683386602121 0.203181032538474 0.195426809844618
"5" NA 0.352744827449648 0.267970894268526 0.213893405074266 0.212451787653273 0.224055009583702
"6" NA -0.216908909795187 -0.140004726887256 -0.160928238312007 -0.174011576365496 -0.16479309525934
"7" NA -0.210842721126151 -0.169656538113552 -0.174803344100009 -0.168566890738991 -0.165975499121466
"8" NA -0.165248359311975 -0.186309779115867 -0.21654000200292 -0.204603597743662 -0.205854189421031
"9" NA 0.217580027713545 0.194868484057782 0.198590983268926 0.194499861143932 0.194353161074647
"10" NA 0.171873030377177 0.144824708529875 0.200864452623015 0.193986829787308 0.186863745704387
"11" NA 0.185304581185395 0.245087548165677 0.203931739218539 0.213874126457945 0.212578715791197
