"1" NA 0.0112759735053672 0.00189030751028554 -0.0140530444933755 0.00409305964076873 0.0071242010927569 0.040636476848481 0.0535129823643072 0.00286622750237078 0.00233045489951554 0.0103377530382249 0.00157160207798692 0.0115749134418338 0.0031728204088113 0.00271471912312179 0.0547118284917675
"2" NA 0.293584181126993 0.372344182934839 0.0136299016800794 0.0322029286604379 0.672062534086874 0.0280821465109262 0.0417135723348113 0.323048358255119 0.0230224481441791 0.982403360569028 -0.0116174027909366 0.985111154565278 0.031710034520189 -0.0112695944469567 0.0428775089651393
"3" NA 0.536368937807196 0.660173742335339 0.125176149526868 0.142506561693471 0.98275054894219 0.289801316480897 -0.0113837727979316 0.983283364809035 0.132189831324639 0.980577987320094 0.980632712002983 0.983861287575781 0.14032469996649 0.985302204355928 -0.0103769289046832
"4" NA 0.549494566365733 0.388078856035761 0.962630893330461 0.980716436264144 0.70698316900749 0.0213469905498105 0.0328640148126868 0.366915986101811 0.978708407655423 0.98262625438854 0.986286628302944 0.582013712518043 0.979735320408813 -0.0121266447462359 0.031043189438513
"5" NA 0.298379825892765 0.0506975197597545 0.960187503871548 0.981929160206267 0.0756602335172439 0.0642795669881042 0.0653123923938048 0.063626531365306 0.980264242279453 0.0995748274997595 0.0715041670907348 0.0812442878642944 0.981687771743734 0.0557951390725087 0.0665461480183944
"6" NA 0.303096743982847 0.054429289408336 0.968219472057204 0.98614202123483 0.0616565834020487 0.0929623500526126 0.0859613599454287 0.0770019161689861 0.986582423403453 0.0617064388935691 0.0813448214564031 0.0538196443162448 0.987656439630771 0.103454661118868 0.0872562071899931
"7" NA 0.0986595582621149 0.0516342235755549 0.182430915639984 0.198667474670084 0.0712854763616763 0.0723437933515817 0.0741619499159304 0.0703036070784798 0.196250794600872 0.0662065379766198 0.0826024028000709 0.0682544218852753 0.19577253452019 0.0623587707079097 0.0754218876633648
"8" NA 0.0610004301404465 0.0538288797061242 0.0321718482824709 0.0506155266181365 0.0518479471952093 0.0947943132219679 0.0859613599454293 0.0659592113304327 0.0492691673042831 0.0456698642441029 0.0497320891998064 0.0493957512724121 0.049939201186857 0.106311495449797 0.0872562071899928
"9" NA 0.0621545339512599 0.0610102082519056 0.0158133436787231 0.03456955148196 0.061371756719019 0.0989180245621736 0.103660474989677 0.0678859936040358 0.0332157537247969 0.0495012818686232 0.0648074660842265 0.0563241577389248 0.0340969627429424 0.0789142351758247 0.105007686479933
"10" NA 0.0620649191899998 0.0565218779107923 0.0283594799778858 0.0473257846930943 0.0486733440206031 0.105103591572483 0.121359590033924 0.0505449531416072 0.0435617503471265 0.0456698642441024 0.0597823404560861 0.0401578759837301 0.0470091768543185 0.0583662899703456 0.122759165769873
"1" NA 0.0273729344176407 0.0279125899210408 0.0154874892887943 0.0577549462723028 0.0222249463605576 0.018352636812904 0.020209116728724 0.0216284946560567 0.0573365838085916 0.0169508417240323 0.0184656953144064 0.0782227514853176 0.0820017425409042 0.0138874007066354 0.0176084658922307
"2" NA 0.306872468641026 0.403659919471664 0.0268300707099938 0.0523938439063814 0.0327894259537105 0.705471586532596 0.994510373962004 0.0320385052565846 0.0535930178777942 -0.0029110545797632 0.0317045164177408 0.0850254725737539 0.0153350758742383 0.585220835382855 0.512205937157821
"3" NA 0.546205801974359 0.686338869468073 0.144905413125106 0.327024307313046 0.149334597324649 0.99548905150776 0.995040476972139 0.148660911123831 0.339062572136442 0.898611569249901 0.149444080225048 -0.00340990157590641 -0.00688714634798582 0.993573503596311 0.994798790437673
"4" NA 0.55008682089483 0.395297783878281 0.973665513747989 0.0361176841473095 0.979489933567914 0.705538474901498 0.58686450976206 0.978739012870799 -0.00281564489815665 0.99565691216038 0.977858362571587 -0.00340990157590596 0.504223964763127 0.993289616884649 -0.0053211656140186
"5" NA 0.314575015942198 0.0738134763391978 0.978424805101524 0.057836311482575 0.987001097933611 0.101059401556938 0.101710114920743 0.986288794484624 0.0594728047339102 0.0887457135189046 0.985446093193196 -0.00340990157590655 0.570890631429793 0.098360371880071 0.0730109946266392
"6" NA 0.317479644767927 0.0764197388592483 0.982476449599565 0.0858110584967534 0.987516342095098 0.0845849369770369 0.0857044169546354 0.986610952405338 0.088586583808593 0.0728403587670674 0.99622538880313 0.0952295542064071 -0.00688714634798611 0.0822137014800136 0.0845357884056066
"7" NA 0.111871537087801 0.0932544876921117 0.156855994117671 0.100408671080881 0.1600021257501 0.0993029411257852 0.100273434322783 0.1591353533085 0.101456796952477 0.0897871922533431 0.160223375834988 0.0986309147506238 0.104223964763126 0.094760918593126 0.0986996153217945
"8" NA 0.0810613478831146 0.0872474629225434 0.0582214641866588 0.112920910438705 0.0652691056500884 0.0727678954558771 0.0595702992757663 0.0647112711937434 0.110107455837711 0.105692547005179 0.0645149643975464 0.0986309147506234 0.14866840920757 0.0755825683294427 0.0881344699563572
"9" NA 0.0780849577883758 0.085437508171412 0.0524505261918754 0.110916902422669 0.0582731854459115 0.0711204489978883 0.0688510417351633 0.0574836475006254 0.11010745583771 0.0749233162359484 0.0548860165653709 0.102032275294841 0.0820017425409027 0.0593412690254985 0.111663881721063
"10" NA 0.0656562532807717 0.0709578701623628 0.046071588625746 0.112920910438705 0.0510711675771358 0.0431138592120553 0.0340482575124247 0.0501271606392241 0.112190789171043 0.064666905979538 0.0501761197199843 0.142848601825454 0.126446186985347 0.0338192272621579 0.0528403523092982
"1" NA 0.0358951189732877 0.0375281149397857 0.016969766248306 0.0196322386040647 0.00619244940440487 0.0364710876714748 0.0120078629664607 0.0263977164243946 0.0295606018082909 0.045015665527989 0.0106976405940376 0.0337510827652662 0.0250295056895891 0.0392531978220307 0.0309061494653485
"2" NA 0.317817994018 0.416250592808026 0.0289802555750368 0.698210864989608 0.0171512613923121 0.0318860591105634 0.0227292520236996 0.995606321921918 -0.00309962929506739 0.0572480814301292 0.0214885122346186 -0.00477579974861106 0.994438498039097 0.058545802323638 -0.00412643570555338
"3" NA 0.566897878252419 0.703959042214266 0.17039439698918 0.98824238980723 0.156530472672999 0.317236424630689 0.162068892815941 0.994312547472564 0.996089403869 -0.0008558941050379 0.15414157345911 0.995840329759715 0.992987276777474 -0.00254744526478698 0.913154060923905
"4" NA 0.575900637531548 0.426670975521425 0.977520465457112 0.720931600757311 0.966102235145185 0.0279802262835844 0.971798937241911 0.616950824488625 0.531708214854018 0.0511318734790603 0.977785856719888 -0.00415967024028902 0.615639867140099 0.000667988818814669 0.994539138286561
"5" NA 0.323399257891984 0.0802073002638059 0.986984982482911 0.0598898875573661 0.975951407520523 0.0852654695080626 0.981727250594145 0.0689565646277049 0.0857736195597677 0.0786548092588766 0.980169222840065 0.132313447245837 0.067688547318888 0.0810538409088466 0.0523783407501658
"6" NA 0.32957558203561 0.085520497129678 0.995494759895797 0.0715371687454696 0.987916110610785 0.0816992345480475 0.993889806126617 0.0775134994513194 0.0854260623443709 0.0847710172099469 0.992505189160929 0.108340329759716 0.0763313622219215 0.0874847090760506 0.0713484832702042
"7" NA 0.121707757713137 0.101633698124337 0.163455132488663 0.0857207742909252 0.149074240915707 0.0967280409103431 0.154573090570207 0.0932857601568561 0.0870479960162308 0.109235849014228 0.1542254006031 0.0843672122735995 0.0917601026097837 0.10999274766126 0.0830019967930284
"8" NA 0.105608558524799 0.109130678515039 0.0816923120677209 0.0683380786856959 0.0701771134027662 0.13023868930597 0.0757946745225973 0.0697096915363067 0.111875159120809 0.130642576842974 0.072341266109906 0.147688718284695 0.0679550204441139 0.126069918079266 0.0890789584309211
"9" NA 0.0885231557321177 0.0801451712686624 0.0977985668320919 0.0474041012299794 0.0857831016752013 0.0909824909588629 0.0912819513296989 0.04243696426358 0.064537881014302 0.118410160940834 0.0904498903990174 0.0476887182846942 0.0406822931713873 0.11320818174486 0.0840028162989403
"10" NA 0.0822752251914664 0.0846741567759084 0.0614902918657011 0.0393525714393189 0.0499239488458032 0.111643647983658 0.0555415099656404 0.0401642369908535 0.0674964608959582 0.133700680818509 0.0544841232527626 0.0789387182846965 0.0384095658986594 0.13893165441367 0.0484698213750828
"1" NA 0.0167347707746203 0.00535481784047941 0.0342158904717339 -0.00165993358083623 0.0494226395247751 0.0115776325894702 0.00278636298340004 0.0141899433797175 0.0191429269525031 0.0694127780543739 0.0122804886653864 0.0176717809081745 -0.00165779588815753 0.0697595267561895 0.00998597165776131
"2" NA 0.29085018594107 0.0365677051341523 0.393128300786423 0.0294002832798347 0.0235245035486269 0.682503749622143 0.0337948784288724 -0.00961958042980761 0.988912866329762 0.0434761786307425 0.577982643511903 0.0143209143835275 0.0294819992397527 0.038312985875687 0.556855703523711
"3" NA 0.533984572192699 0.163438318820706 0.676505277261645 0.157339589997416 0.290283354099193 0.980131077456513 0.162096095052831 0.989914586343355 0.984031952626893 -0.00839702021651931 0.978217172459137 0.508637342965538 0.155172683990383 -0.0120014795331181 0.984426976613594
"4" NA 0.542183519274401 0.97929656972206 0.403219308466178 0.972434488733754 0.0368587425173475 0.689771302191292 0.976932486713183 0.540137157857128 0.567804110901504 0.0636490892935675 0.984116228647418 0.244666827736001 0.974954346968426 0.0666148726681399 -0.0150894204100589
"5" NA 0.304677063191395 0.993038324386589 0.0779822566499378 0.985718232099266 0.0654868965528872 0.0781019120262472 0.990061125833109 0.0915708957606693 0.0771990761867001 0.0636490892935667 0.0847131094279839 0.00127833828522476 0.985686393850865 0.0666148726681406 0.0782581956277784
"6" NA 0.299516852607736 0.990461004798959 0.0719856746443937 0.983140912511636 0.075423916348189 0.0588925579020769 0.98748380624548 0.0826423243320953 0.0587699665795438 0.0751764668151811 0.0274042399531683 0.985722612293437 0.983102414522698 -0.0120014795331171 0.0214758612429166
"7" NA 0.0952799633556701 0.169721317555989 0.0832702104170887 0.161637873103645 0.0881940950501522 0.0676214650577407 0.165722259761503 0.0770626099611828 0.0711546750374337 0.0982312218584089 0.0729677891138411 0.116870153277043 0.162057204115735 0.0886274512844929 0.0615875647224493
"8" NA 0.0779663954351968 0.0548939944896817 0.100737846026632 0.0475739022023592 0.0925195818489869 0.0918893368032986 0.051916795936202 0.0845056572394434 0.103208977667367 0.0982312218584095 0.0760313811102929 0.0676898254081891 0.047701897726835 0.0980614135486437 0.111324191591577
"9" NA 0.0599663954351967 0.0548939944896824 0.0764572704870646 0.0475739022023601 0.0905115497204764 0.0495440599303342 0.0519167959362006 0.054743752477539 0.0565889310473203 0.106876754999619 0.0496524842278011 0.034902940162289 0.0477018977268351 0.104350721724743 0.0608510054717028
"10" NA 0.0672997287685303 0.0652032728401966 0.0827522345158404 0.0578831805528749 0.106575806748587 0.0479153954352202 0.0622260742867169 0.054743752477538 0.0565889310473181 0.127049665662443 0.0472544026930292 0.0349029401622883 0.058037815039496 0.126363300341096 0.064005579604195
"1" NA 0.0321617314647701 0.0132322330947679 0.0269208246796008 0.03761112116892 0.0184310268312741 0.0128980489575196 0.0151627589439637 0.0466647755574318 0.0125716332605824 0.0185731131185554 0.0153581272591008 0.027941151461697 0.0119688966762093 0.0208043102250224 0.0496121087074326
"2" NA 0.301525967807712 0.020228389285953 0.391182119273251 0.033440274333951 0.675550208774958 0.0202319590788862 -0.00958759853592605 0.0527070716299378 0.0200306242569091 0.675315756800084 0.0126064342960285 0.991001576281703 0.990871045927759 -0.00738130442974048 0.00168878602372887
"3" NA 0.559694370419897 0.172482928288973 0.687140703185578 0.318182548908541 0.98308877654055 0.169705552977568 0.989570480746969 -0.00771588909513691 0.162873456513623 0.983075817661065 0.16606900389564 0.974494538654933 0.892617439180354 0.992060004934439 -0.00470099033410123
"4" NA 0.57246068989746 0.976009376651693 0.415356955218314 0.0392576727292498 0.717261510302329 0.975261108533123 -0.0102190390737573 0.0617705157387003 0.982211878905476 0.717226402113303 0.97729349369156 0.989938554098951 -0.00934271396768389 0.537626288516144 0.0687814377809147
"5" NA 0.310043155258034 0.979649306082926 0.0573435943806414 0.0613683501469548 0.05525750244568 0.978270055967158 0.0750390909405617 0.0617705157386999 0.97747201396118 0.0551337970185 0.982796879617705 0.0567905022305895 0.071110225685525 0.0629709940799998 0.0623916614230894
"6" NA 0.321426314996817 0.98049008439061 0.0725543595736613 0.0836740817233916 0.0633359921749325 0.981158079673996 0.0993684880618984 0.0829185519924767 0.980278438408161 0.0632344360572871 0.983097888450064 0.0866155109358644 0.0939181555975342 0.0629709940799997 0.0783661023176558
"7" NA 0.126254440493597 0.178081230536076 0.0969371382334464 0.115004196525336 0.0801270468097982 0.174997905482464 0.0826474215206504 0.128235772536283 0.17577069961399 0.0794274593346045 0.179225451046274 0.0652718115117077 0.106497799978485 0.0814690442785947 0.135874089538103
"8" NA 0.0934004478189077 0.049898013901441 0.0991563457702509 0.101235212777569 0.0912429661107414 0.0488562029470317 0.0591599451164188 0.122193476463776 0.0460870056425446 0.0901668403733906 0.0464720535443303 0.101387589067141 0.0799651666213427 0.0799689927136606 0.129484313180278
"9" NA 0.0779176352692296 0.0440194522184445 0.0801173611827631 0.109381852288772 0.0504599318529932 0.043442926714942 0.0530249757912648 0.137299216645045 0.0407360519334708 0.0493838061156407 0.041069003895644 0.0743605620401133 0.0364869057517792 0.0458780836227497 0.148653642253758
"10" NA 0.0688334339631374 0.050458532773228 0.0656114681637244 0.0930885732663678 0.0374093608905118 0.0490980504014234 0.053024975791266 0.110108884318761 0.0488061316945653 0.0363332351531619 0.0517747669155637 0.0396115272910787 0.03648690575178 0.0458780836227493 0.119899648643538
"1" NA 0.00371429886436939 0.0147566018408171 -0.00199127501607373 0.023705240042208 -0.00313577596963114 -0.00834306497520374 -0.00940818237892889 0.00100155734176176 0.0318550542059695 -0.00680669785563728 -0.0110100225973566 -0.000879966080224774 0.0122640733881788 -0.0136652701915789 0.0245180707237099
"2" NA 0.295047632197703 0.399855904227225 0.0243096764019267 0.0278632442002121 0.674464652583599 0.0175358413950159 0.0163919149417667 -0.0146220500252056 0.0436544642354646 0.984284777915089 0.0122958084095345 0.531206190870293 -0.0160738745241339 0.982790872653107 0.0468822879761054
"3" NA 0.538174925494149 0.685677228274279 0.146495073548307 0.283480339628398 0.983720865983774 0.139861920223989 0.138744263453922 0.984703539590727 -0.0123927334046511 0.98223301437276 0.1349619806826 0.983674513425907 0.865430047619964 0.978959455028586 -0.0138205874232547
"4" NA 0.567256635687799 0.427677740462739 0.988416612288584 0.0425164190422948 0.71168513056333 0.980376642138322 0.978996288536527 0.564350170003619 0.0643034317870872 0.586575048554422 0.977353966391851 -0.015847440188974 0.984265733088818 0.982790872653109 -0.0138205874232548
"5" NA 0.296432475540257 0.0643955910104897 0.977864144164075 0.0586476342289688 0.057777634550569 0.971371672522352 0.970280285435457 0.0627540887477237 0.0466043167428401 0.0607613505614727 0.968721571475435 0.0624557666468598 0.0392435908486695 0.0710572582516969 0.0500771761550199
"6" NA 0.311453785365049 0.0820131147949213 0.984284097207684 0.0987496354644195 0.0602571991897158 0.977088217152985 0.975865481650226 0.0886735080869848 0.0997016618755845 0.0476966526099678 0.974220565247628 0.0559668282989892 0.0732352363870853 0.0621004008912208 0.107585163375466
"7" NA 0.112692989039577 0.0961072945346834 0.186341874343493 0.104886481412357 0.0773774154026453 0.178864630923623 0.177589356054506 0.102004166787571 0.102651514382957 0.0658293989785814 0.176458553182316 0.092313302991818 0.10728669782257 0.0520439503636954 0.0948056106598118
"8" NA 0.0807018793992117 0.0962273060371691 0.0661803327143637 0.105687763724906 0.0734566293888433 0.0588437709770769 0.0575947657911416 0.0681942858730671 0.120350629427208 0.072563438788112 0.0536004287801903 0.0591936413985216 0.0814958070074186 0.0849957751135229 0.113974939733293
"9" NA 0.0583442727878737 0.0664439125353659 0.0652108069789392 0.0745027325398741 0.044748495417552 0.0570301551460872 0.055623531861117 0.0355533363181678 0.0790526943239612 0.054044920269594 0.054176285167375 0.056008928022725 0.0181473907178276 0.050513016492833 0.0820260579441559
"10" NA 0.0667533894084326 0.075469183293488 0.071545955976147 0.0848977429348847 0.0527229770762449 0.0640687125562678 0.0627934376871547 0.0325859772677252 0.105601366890333 0.0586745498992257 0.0613690391158199 0.0432700745195401 0.0407718251069682 0.0581758517418755 0.104390275196553
"1" NA -0.00454611031095927 -0.00664174405687919 0.00091524636852252 0.0217732986973558 -0.000462312399027252 0.00147170585816525 -0.0114475160404012 0.0357584096838959 0.00673190055415003 0.00193532075533275 0.0277447604100815 -0.003334900268855 0.00959602117417841 0.0125517662986405 0.00573174943244646
"2" NA 0.293453889689041 0.0134047455535184 0.395562154293754 0.0293044854058635 0.697137687600961 0.0203987882515638 0.511036889400572 0.0503782927248327 0.598599207351346 0.0204857235454898 -0.0117003902902326 0.987142393734013 0.0171845069225343 0.628507629984597 0.0278643258685211
"3" NA 0.518633375836344 0.122258316388672 0.661169525596881 0.281353665733735 0.973677862891976 0.129065791217221 0.982004631336058 -0.0168731692634735 0.97367620748174 0.129089946577268 0.299314728500266 0.864147741327596 0.596549586287611 0.978196791177792 -0.011281581604789
"4" NA 0.539556458952525 0.964962016422793 0.396470200390454 0.00493616633909506 0.716857337018977 0.971582923381847 -0.0174179303420388 0.0152905734265857 0.980507382246364 0.971544298808018 0.0122471293456559 -0.0119196213310698 0.946800002058423 0.985364744186438 0.985003646880232
"5" NA 0.279325688173479 0.971408198198459 0.04348397569432 0.0354520263894722 0.0643171617279665 0.97877537663551 0.0591352670138102 0.0416063629002692 0.0570764562875308 0.978987871797204 0.0401354628415237 0.0933907766905817 0.851561906820327 0.0585893671143655 0.984379436265193
"6" NA 0.289735938390632 0.967844901713675 0.0586349305740722 0.0560547521019883 0.076251079364641 0.975771783759227 0.0787788248844437 0.0503782927248304 0.0758226346832335 0.97617261872251 0.0554436736221144 0.0938597691580383 0.962324995743285 0.0507285121419506 0.980196506788927
"7" NA 0.0917872431499659 0.134198895872879 0.0821565913479838 0.0996421511563727 0.0793689758726169 0.141566074309931 0.0704487616140474 0.103009871672198 0.0905851649631832 0.141778569471595 0.099019058466238 0.0692322673471609 0.534797633736319 0.0892215575075804 -0.0120618448736039
"8" NA 0.0706590483436029 0.0305132836940561 0.0899310479313476 0.106344304309117 0.0855547076539421 0.0380670300006013 0.0808960987314266 0.126401684537696 0.080580492670079 0.0383423050961468 0.112451572458757 0.107368911128563 0.0351456559244702 0.0837363664109584 0.0552417081818602
"9" NA 0.0596334093823307 0.0447389365437096 0.0701646508064604 0.10224594365338 0.0535547076539383 0.051546411372259 0.0583154535701348 0.120553731321322 0.0523809265095597 0.0515705667323085 0.110291745244935 0.0645881624654593 0.0430821638609775 0.0611630029798047 0.0594246376581269
"10" NA 0.0427359719366182 0.0540955366997515 0.0441089455054741 0.0899508616861669 0.016754707653939 0.0614627151367994 0.0228315826023953 0.117629754713134 0.0155045707611846 0.0616752102984724 0.0951729547481727 0.0378501945510225 0.0427341416728246 0.020530948803735 0.0769061266566465
"1" NA 0.0221378143754283 0.0255844840584438 0.0177994906200622 0.0174327573385313 0.0175421418631389 0.0471833612819278 0.0164752319674173 0.0134605381148758 0.0452065037292467 0.0194998671726445 0.0217499943344837 0.0108768154227156 0.0293847282738279 0.0138429644324778 0.0452592242595906
"2" NA 0.316174219632992 0.411277030803219 0.0530926360546885 0.552529993136129 0.0531021650982546 0.071874719306618 0.0520779541834221 0.519799355826033 0.069897861753938 0.578461663500594 0.576681489695155 0.0456081944450809 0.383412032637721 0.51887251739022 0.0699505822842821
"3" NA 0.556524364860271 0.706787233011156 0.138383158641884 0.998958564564702 0.135506130555335 0.00397348473871647 0.134268424736058 0.998429007691968 0.00199662718603672 0.998516728213656 0.999439131204762 0.00216583373588798 0.997852473404282 0.998877442883175 0.00204934771638134
"4" NA 0.557857698193604 0.408132654449802 0.984720610212938 0.549011987482219 0.984378876557019 0.0718747193066177 0.983311966661297 -0.000703767834133231 0.0698978617539375 0.998212322937601 0.998699176549083 0.984293679462484 0.982086345969523 -0.000361581022068481 0.0699505822842813
"5" NA 0.317157407739046 0.078026301887823 0.995228991495868 0.0723982377243388 0.994737220668842 0.0996524970843954 0.993627611792231 0.0629653690046176 0.097675639531716 0.0795202878826661 -0.000772284411142093 0.992779565699434 0.719791264002311 0.0608338885297776 0.0977283600620602
"6" NA 0.320560770117837 0.0821086644684621 0.996782728054203 0.0867373749275765 0.999376474047656 0.0749611390597035 0.99839496211371 0.0967119248611244 0.072984281507026 0.0778089128199298 -0.000666576603189201 0.998436823190728 0.712849173067197 0.0947073758793285 0.0730370020373683
"7" NA 0.107538395284544 0.0950112813233237 0.149454483779391 0.0905582160379837 0.147335657721124 0.105825336590568 0.146354145787178 0.0899477902395215 0.103848479037889 0.0890175553610177 0.0921849693185416 0.148436823190729 0.0990360474888192 0.0905475098870211 0.103901199568232
"8" NA 0.0831490633300285 0.0925224340828513 0.0648244896613663 0.0759048643745598 0.0653944797015581 0.124343855109087 0.0644983657293895 0.0777657116594304 0.122366997556407 0.07136928627039 0.0793241848939897 0.0659713342893201 0.0413453407143943 0.0780823383633459 0.122419718086752
"9" NA 0.068762512845185 0.0753589291144725 0.0585119588134471 0.052945680701095 0.0583584683937523 0.121257435355999 0.0572915584980294 0.0692671280900263 0.119280577803321 0.0365665020476544 0.0406501517448183 0.0605391722478995 0.0249518980914405 0.0695596110906188 0.119333298333664
"10" NA 0.0786924837997295 0.0771656138479827 0.0912605749859865 0.0554967011092566 0.0913674712207028 0.121257435356 0.0903432603058721 0.0381056550022074 0.119280577803322 0.0667289150406917 0.0655120301978564 0.0985493709156705 0.0580524409314376 0.0383096110906188 0.119333298333666
"1" NA 0.00932747522711999 -0.00692550509297212 0.010777607594595 0.0477154878049576 0.00045396037832018 0.00144634479610988 0.000776965280299373 0.0473602784040057 0.00146079313200305 5.81616995421969e-05 0.0151666573176533 0.00811221776421783 0.00794133426923285 0.0181130409455029 0.050386000172019
"2" NA 0.292308533854028 0.0100621523174082 0.387016962036203 0.031109101126947 0.686197328312555 0.0189953831337904 0.0183351001812278 -0.0105490198704108 0.583247914260848 0.986540148386613 0.046587542262163 0.0202330437207923 0.993528930201856 -0.00362608948927962 0.0395000508371034
"3" NA 0.540442463980504 0.149484751317285 0.673503000738785 0.297396071722367 0.987592224043912 0.157856601206364 0.157187221690557 0.309855305351354 0.986812308616609 0.87532162695319 0.992635653077763 -0.00423346124812684 0.994536106101426 0.876214787765588 0.31839184011814
"4" NA 0.562818004540573 0.969356864804545 0.415620229801892 0.0354204058377441 0.733155259820168 0.978102968645162 0.977439653504851 0.0366765177202432 0.986265155640158 -0.012318822485012 0.960818831230696 0.989256419662042 0.632784954027701 0.994592194449225 -0.00326206849750972
"5" NA 0.284756855940745 0.969678492779196 0.0396068842073241 0.0512814883230452 0.0500425857025878 0.979734485450183 0.979092395624112 0.0510913062222444 0.0532943616583214 0.0382429752677948 0.818326672696946 0.985607867269522 0.061272451274163 -0.00461593174566488 0.0607247749034022
"6" NA 0.313630234260539 0.970317925342885 0.0785707362253145 0.0984126358640291 0.0823639951863016 0.978502648256197 0.977830236552639 0.100236605367546 0.0882148426601525 0.0601443708159677 0.897185187536572 0.983196006683758 0.0910585056749227 -0.00441796329438751 0.110080998079367
"7" NA 0.0978369459136666 0.147882983753389 0.0760922512340585 0.0884861503072735 0.0836170100440512 0.157190468521306 0.15653624994424 0.0898783305569385 0.074332372311751 0.100611242640973 0.158054752753959 0.158447373442367 0.0850693078532315 0.115939127902025 0.0910021967598512
"8" NA 0.0726026439263474 0.0533315423943736 0.0757523423956815 0.07909202488817 0.0860395054356945 0.0624519001865226 0.0617946494217089 0.0800625322016037 0.0700554669760875 0.120032490764087 0.0924414245470578 0.0722524734117157 0.0868318656775036 0.0903489624687659 0.08518977092354
"9" NA 0.0744570808730485 0.0578190404970209 0.0766532432965791 0.105731369150465 0.0667469009340863 0.0673136522407041 0.0666624658513862 0.105703557842626 0.0635899497347081 0.0750886705393653 0.0163544680253172 0.0874597191213781 0.0707028334194391 0.0849141798600705 0.113086766631697
"10" NA 0.0562998848929279 0.0574974125223709 0.0523289189722565 0.0893379265275184 0.0362002771398761 0.065682135435684 0.0650097237321269 0.0907462928853626 0.0291071911140178 0.0526167604270063 0.0493591005800459 0.0788750190294334 0.0384447689033122 0.0468707015991995 0.0980653074042297
"1" NA 0.0240570023648001 0.0132599401155799 0.0325063784057257 0.0231915505990314 0.0531800678158379 0.0165702689386077 0.0408890827959264 0.0195337356641797 0.0641617695144079 0.020174542565719 0.0255234074360161 0.0172668745312379 0.059839932045747 0.0159257105511567 0.024951410419806
"2" NA 0.301236991219964 0.0497644332956157 0.395876598774646 0.663944166546402 0.0492590210166379 0.0523514884919777 0.00467023397825055 1.00295652644713 0.0732252136231674 0.055975689640511 0.536996672008505 0.0696266470652101 0.0689033761545079 0.0447417164014648 0.546729579385033
"3" NA 0.551390335698135 0.160891474557569 0.695570219035056 0.99573978041276 0.307732540829444 0.163659348160597 1.00417355878674 0.997918034052621 0.00675995682558487 0.167278567428775 0.994001532548812 0.579213996129965 0.00243811935692434 0.00190092585549456 1.00043556559367
"4" NA 0.570114038163521 0.979143721147586 0.428507034689789 0.720859313469493 0.05114938594797 0.981549957937281 0.596770852961918 0.58404243596649 0.0762463616594237 0.985179140966169 0.998563417199821 0.96545071482406 0.071924524190762 0.987876141159831 0.0001450724893504
"5" NA 0.30483774062891 0.991536585194347 0.0639908694436835 0.0676535610427565 0.0678157917005114 0.99412364039071 0.0632616578699834 0.0816500914688762 0.067182917550662 0.997747841539248 0.0674216997761604 0.972591806168236 0.0628610800820005 0.995381242659865 0.0719232414545791
"6" NA 0.306402964201867 0.983819656041727 0.0683336814508354 0.0765553970193186 0.0692852058222388 0.988214895304756 0.0699999285109686 0.088488720429306 0.0702040655869151 0.99178927764973 0.0714351608673937 0.990951085057553 0.0658822281182542 0.987000213778139 0.0766239448982132
"7" NA 0.100017729484073 0.139576854795254 0.0906582557073949 0.0872623914226496 0.101709870951732 0.143068002024949 0.120236113457305 0.0725883202770559 0.103436693985705 0.146667293771704 0.0834568489996547 0.50822313829328 0.0991148565170464 0.00168194401007361 0.0943792276632149
"8" NA 0.0913650786906657 0.0657503981173525 0.106122445173111 0.0811184242532376 0.139875789343489 0.0677949980937133 0.113199837701412 0.0723110041069451 0.15479621060202 0.0714341448833148 0.0851706726239512 0.0704420663054014 0.150474373133363 0.0659431298290228 0.0893880311152615
"9" NA 0.085917673759889 0.0778778983627773 0.0943577392907576 0.0668099981801056 0.131472427998948 0.0802841351524719 0.0738739950047815 0.0723110041069441 0.157817358638272 0.0839133181813609 0.0696839469602354 0.0967578557790858 0.153495521169616 0.0727912857927864 0.0675130311152612
"10" NA 0.068356197231668 0.0616265697397024 0.0762581917794494 0.0556812223454504 0.104161503629201 0.0647560801560643 0.0485930961283767 0.0699186596093383 0.127605878275739 0.0683653356635304 0.0453476637743939 0.0433108575915257 0.123284040807075 0.072681794870078 0.0706380311152617
