"1" 0.600059085729611 0.0689184334163843 3.39190187391303e-18
"1" 0.710575037665261 0.0697347829729585 2.56714221429628e-24
"1" 0.615624029050112 0.0721278132707718 1.50917791862802e-17
"1" 0.793760943687619 0.0710270076634667 6.69341335082165e-29
"1" 0.578970907014223 0.0714632193886558 5.76536801111415e-16
"1" 0.720914338098539 0.0690237581741822 1.8374395856735e-25
"1" 0.586215082585413 0.0705541388403296 1.03536970572391e-16
"1" 0.593343230914133 0.0681401520588538 3.36556232137041e-18
"1" 0.672108177599342 0.0704695508362261 1.64387419875543e-21
"1" 0.584321930541806 0.0718951331364052 4.6671659746606e-16
"1" 0.573433878946594 0.0698048135833787 2.26752588254442e-16
"1" 0.477146320136392 0.0703127632823488 1.18831873019022e-11
"1" 0.660680360310662 0.0728287325941758 1.28994395110146e-19
"1" 0.815246095309274 0.0713469822057293 3.91670131078315e-30
"1" 0.597338572007578 0.0712670109223971 5.59714862091359e-17
"1" 0.575351514610298 0.0694091881564133 1.21882488010768e-16
"1" 0.746337834939565 0.0712758936686781 1.38904729165427e-25
"1" 0.694188083502276 0.0695327611751144 2.06881634692065e-23
"1" 0.653589070225772 0.0680601980842596 8.74921580976375e-22
"1" 0.705879173420378 0.0705361001487643 1.63024855810406e-23
"1" 0.670471054704944 0.0695577991685611 6.17957133969538e-22
"1" 0.624235960320516 0.0732306145585823 1.65813599345496e-17
"1" 0.663633350474607 0.0690373769280631 7.97702376089326e-22
"1" 0.676785041067808 0.0700580079541452 5.02581775228334e-22
"1" 0.683513689841437 0.0699503875018946 1.69908302058654e-22
"1" 0.706468089009337 0.0730280415056677 4.40460379710617e-22
"1" 0.671867080613746 0.0703732124890435 1.49875763928549e-21
"1" 0.812197613890548 0.0708293949242708 2.46455591319527e-30
"1" 0.622776916695081 0.072838147162476 1.32649042506052e-17
"1" 0.64219574410818 0.0720531620497364 5.44232455133332e-19
"1" 0.745496152286231 0.0706780247351324 6.1920638190944e-26
"1" 0.672705787283221 0.0721108879352037 1.1924091126208e-20
"1" 0.581109351311957 0.0713864902091255 4.19720004478041e-16
"1" 0.564937288642646 0.0700819988423784 8.03195311810083e-16
"1" 0.57319117602941 0.0691145614284727 1.17788556302834e-16
"1" 0.761875793768546 0.0705215624657858 4.01585570489168e-27
"1" 0.634526319479225 0.0709351819627087 4.06773571918613e-19
"1" 0.671502538344739 0.0733737574389271 6.18455404599057e-20
"1" 0.580730582579385 0.0707283203301035 2.3459494059953e-16
"1" 0.808938757024534 0.0713058541069328 9.95109138553618e-30
"1" 0.68890672743374 0.0713637628797404 5.37397311769783e-22
"1" 0.864657455861168 0.0686595145361565 3.26335982593845e-36
"1" 0.519077386271923 0.0698874223157862 1.15758658154181e-13
"1" 0.623947253767828 0.0696781647615359 3.7321785490984e-19
"1" 0.757627576950233 0.0716823966827189 4.93428348951141e-26
"1" 0.684493945762387 0.0706729664491526 3.94051473779985e-22
"1" 0.682751552111108 0.07092272548745 6.96488310314789e-22
"1" 0.656335306363813 0.0715611345449066 5.14896134337747e-20
"1" 0.597012826424849 0.0725320316991708 1.98185057766529e-16
"1" 0.596607014728675 0.0696418618016931 1.14891550676159e-17
"1" 0.716975247113274 0.072662636919865 6.6045736028663e-23
"1" 0.55772581136591 0.0700862184205997 1.85595080494791e-15
"1" 0.652374689652079 0.069745000787731 9.43172127350848e-21
"1" 0.803054075076705 0.0731276988365309 5.75325862156339e-28
"1" 0.647962890978335 0.0727141612579053 5.52646836302559e-19
"1" 0.690944570380614 0.0698111435332255 4.89563804252787e-23
"1" 0.722661284962864 0.070601189406538 1.59973788300828e-24
"1" 0.650449964287834 0.0689661684139187 4.52476856960061e-21
"1" 0.483769871573895 0.0697452588052766 4.16362642712693e-12
"1" 0.715656831503354 0.0706485815285773 4.72707667131859e-24
"1" 0.737013120413202 0.0689149478872028 1.29795954910408e-26
"1" 0.684695182605193 0.0680276256380542 9.12244699739218e-24
"1" 0.62998129231498 0.0706123210197399 5.02459617130758e-19
"1" 0.685360896823948 0.0704315054090845 2.52740506313661e-22
"1" 0.592503383236228 0.0676265687673967 2.09691094820812e-18
"1" 0.699216541624344 0.0713433703520808 1.27354773106366e-22
"1" 0.596635278785459 0.0706386358983659 3.23284549948992e-17
"1" 0.609809397196142 0.0697781927115554 2.5494457864094e-18
"1" 0.637703401548995 0.0716160849874732 5.86511963086663e-19
"1" 0.611919625498153 0.0722328875133027 2.60732705471237e-17
"1" 0.641093814510472 0.0695487176916832 3.35599976916641e-20
"1" 0.693251032144302 0.071016572488526 1.86670939309712e-22
"1" 0.679781340854448 0.0698257140917758 2.41818360871364e-22
"1" 0.607184221427403 0.0725619614386902 6.29514955156779e-17
"1" 0.552492125933563 0.0704849707730502 4.81509741782604e-15
"1" 0.634666304746725 0.0690797018595101 4.45029299611131e-20
"1" 0.577706297891175 0.0721273174135433 1.22119006467258e-15
"1" 0.540894719750243 0.0726820683434508 1.03696072878811e-13
"1" 0.806296025857484 0.0735982971411373 7.66923314802164e-28
"1" 0.631680655775945 0.0689892437577533 5.93810798855144e-20
"1" 0.693166659293197 0.0709960512451959 1.83703647949529e-22
"1" 0.628885668679812 0.070266052501894 3.89167350961555e-19
"1" 0.629932516274705 0.0702207898177082 3.22891304412667e-19
"1" 0.71293838872526 0.0701885463570473 3.56668988572086e-24
"1" 0.569668321102738 0.0730451396960868 6.58705163748063e-15
"1" 0.653525702114798 0.0696365710191571 7.03530313874619e-21
"1" 0.7686728974427 0.0743214420572995 5.31555877758034e-25
"1" 0.762213988116382 0.0724947076200728 8.8398149671424e-26
"1" 0.647718132694197 0.070045648774988 2.55890001410015e-20
"1" 0.581959201517467 0.0732769656098494 2.10743759760075e-15
"1" 0.636908480546012 0.0710668045869497 3.49080009540312e-19
"1" 0.650459659824505 0.0698468122132548 1.38690410000324e-20
"1" 0.528893338453904 0.0683857517915966 1.0972621099326e-14
"1" 0.623458565994537 0.0682378502198259 7.11744936607899e-20
"1" 0.758284946531442 0.0731302301952437 4.03963334992871e-25
"1" 0.5976147237401 0.0701185933012319 1.67728676792538e-17
"1" 0.78856648737495 0.0699251820135407 2.13244118229101e-29
"1" 0.746683600185329 0.0706849536600318 5.24052616398662e-26
"1" 0.483756731434697 0.0728972816548408 3.31181422954732e-11
"1" 0.67167340425419 0.0724247776365846 1.98956719269571e-20
