"1" NA 0.00977026883329454 0.020402403104 0.00856405628540536 0.0158575653554908 0.0385632023622171 0.012858625663029 0.0239667388622898 0.0219397813951891 0.0174706384284578 0.0496427468723715 0.0385252025719614 0.0318259481533775 0.00891648762696459 0.0118629476433463 0.01214610614476
"2" NA 0.286612194769487 0.389973919921595 0.0305331963830319 0.693213575697775 0.0281456244706036 0.0351649810062375 -0.00237020354964146 0.996829304316077 0.0398496902774202 0.0496427468723694 0.0244759872094056 0.369574292524241 0.0296039587645961 -0.00959926695997897 0.988180149319236
"3" NA 0.528236221726981 0.682638810053555 0.131405406881284 0.988803240919517 0.320834018649553 0.134602129223884 0.995976325274649 0.993187888912723 0.139286838495056 -0.000243874442821915 0.345214825650668 0.558883129374437 0.134166696407183 0.900236798613794 0.986478199862876
"4" NA 0.553030969173728 0.407576537632103 0.980222783637562 0.723284468555035 0.0311100203531772 0.98461217856914 0.52669785751488 0.614459870549869 0.989260539587455 0.0541778942646613 -0.00760957428792102 0.408917371393095 0.982187979849774 0.989672924546542 0.601292023659061
"5" NA 0.289714821046112 0.0525858741322322 0.967981288551958 0.0644285649715569 0.054487648992801 0.972939711019183 0.048571473375858 0.0729063894795437 0.977733465048987 0.0723184838338204 0.0535128123615727 0.075439420765167 0.977935545699208 0.0468073708957109 0.0666572651470959
"6" NA 0.31000956849286 0.0782505869809473 0.974353421102098 0.0818232949600578 0.0855661461074887 0.980755975377723 0.0893760429175268 0.0822628818174569 0.985440684648898 0.094994220795272 0.0847654965277492 0.119444913845848 0.983976582338745 0.0866038507712621 0.0699590819224531
"7" NA 0.0876632654289573 0.0774954357013325 0.144652441996398 0.0711992598501257 0.0950500259918417 0.146586170700864 0.0881326997819213 0.0710356508829973 0.151016442201936 0.104064515579853 0.0866535448179456 0.103889589334799 0.144460167197335 0.0878168649270584 0.0616778871147959
"8" NA 0.0739195886416796 0.0920218115580086 0.0538722256419505 0.0839348347265891 0.106395834541037 0.0591397930059902 0.0782940948618607 0.0897486355588146 0.0639698952886625 0.12900782623745 -0.00697647171248853 0.992874889753418 0.0443629314581102 -0.00523241599911246 -0.00610603882720529
"9" NA 0.0646802889821136 0.0804256314761529 0.0509940264364552 0.0629730591408923 0.106395834541036 0.0568481884954153 0.0717295434395386 0.061629127650204 0.0618236837895788 0.13354297362974 0.107105524722448 0.0855901215414966 0.0534184820983949 0.0685380758041666 0.0556700229488579
"10" NA 0.0554794135565715 0.0647366819536434 0.0597415881774061 0.0457104204232603 0.0926763223459083 0.0648721688053033 0.0520358891725842 0.0510843121844736 0.0696659228351011 0.115402384060579 0.0910627439737852 0.0392325056474556 0.0634868764976674 0.0521446331812157 0.0479480152268497
"1" NA 0.0260781349498843 0.0292001583205668 0.0272111586445942 0.0286744263213537 0.0181437606632169 0.0219324319867774 0.0276575236977213 0.0205214585557943 0.017373030846664 0.0220749566240278 0.0156866277045504 0.0158864487486511 0.0203559405237396 0.0262851064936768 0.0225254562181783
"2" NA 0.297990165142048 0.0258503161273456 0.558256751107768 0.0413060052687224 0.0219114440885342 0.548736058705539 0.0402891026450892 0.540598998885789 0.0211876824336334 0.554281519466763 0.0195610842717131 1.01580341308265 1.01368035022645 0.0347417661131291 0.014101335957142
"3" NA 0.550598185270158 0.0703528946026971 1.00673881443165 0.0181481105318789 0.106984124115006 1.01366846256523 0.0171312079082474 1.01607701411135 0.106236878379277 1.01097822844042 0.104580377727264 1.00740005173811 1.00697257346578 0.0157142819693654 1.01401830029114
"4" NA 0.566137157594007 0.563200681084478 0.573282933620336 0.0581481105318793 1.01372897713165 0.574457837331917 0.0571312079082466 0.0163484052663237 1.01307566771923 1.01486110874092 1.0115387770276 0.0161770735796496 1.01390565547002 0.0558834151617554 0.564376191608866
"5" NA 0.301833147529952 0.558294589325173 0.0650385107299475 0.0455165315845108 1.01593636889743 0.0602052484735282 0.0444996289608782 0.0582216960035764 1.01522434928294 0.0608006036336879 1.01361270236608 0.0705498153211469 0.0433181757721769 0.0431984257325783 0.0623168691057345
"6" NA 0.315578134949885 0.572091282439564 0.0785579100788242 0.0792007421108268 1.01028484375945 0.0739212562785371 0.0781838394871949 0.0672656655524533 1.00950237190249 0.0782219869882718 1.00780101751533 0.0621049361436099 0.0628621497135435 0.0770250642103811 0.0833252724670783
"7" NA 0.102156079597584 0.128732156832672 0.0804667138439566 0.100253373689775 0.146186265761485 0.0726930104437121 0.0992364710661429 0.0832864630879639 0.145521214308648 0.0630180001428728 0.14396937237197 0.0959259706867582 0.0467686235426138 0.0981667132590055 0.0732570080329025
"8" NA 0.0786059537969016 0.0816413370471687 0.0772717263925012 0.089727057900301 0.0595070726393194 0.0707588338536134 0.0887101552766689 0.0819171844956629 0.0587715689440045 0.0601776216428081 0.0571300195370374 0.0670954556428717 0.0667310215077608 0.0875958887346941 0.0694082289411312
"9" NA 0.0633999387008198 0.0737662035361741 0.0549632879831879 0.077095478952931 0.0558318320863237 0.0481876856691152 0.0760785763293005 0.0485838511623277 0.0550258761485286 0.046117867688502 0.0532946192712735 0.0418853716092584 0.0471870475663917 0.0749108993055191 0.0462989852436526
"10" NA 0.0627529462488604 0.0735758033154068 0.0539933558784333 0.0813060052687214 0.0537168831928609 0.0462249771313399 0.08028910264509 0.0441394067178857 0.0529461533763092 0.0461178676885056 0.0512597502341943 0.0376836909369901 0.0374150605957086 0.0791392291152442 0.0505006659159213
"1" NA 0.0115268962643038 0.0110135652666759 0.0189453976995084 0.00158898069906437 0.0472995845594652 0.0123681070151446 0.00102215740217021 0.0112434741233409 0.00110374022772014 0.0649408840760601 0.0163854299383273 0.00576495634488376 0.0034395598618571 0.0104225368391293 0.050150804964171
"2" NA 0.292755258961604 0.0234857385375237 0.396999933678435 0.686213805255815 0.0302188392178501 0.0252545314459818 0.541406523878471 0.0241761395356075 0.560447737959494 0.0471235121384204 0.016102050541436 0.988142756363197 0.596239732549549 0.0540437034683433 -0.00810162222029406
"3" NA 0.541744206106464 0.181315135287369 0.678986099815816 0.985311904694289 0.291931170841233 0.179405925008548 0.985728128026022 0.178235051135316 0.983588779811459 -0.0107829466589068 -0.0095173838818977 0.893639097140561 0.987164695485727 0.987695264111859 0.306747066277033
"4" NA 0.548733153251323 0.970974879102344 0.403917787079354 0.69094148263393 0.0421340361626815 0.97144374300195 -0.0145323923419704 0.970226628147289 0.984372125301516 0.0649408840760586 0.979198083339903 -0.0109609250999762 0.987821131303844 0.958308923221496 0.04642506466291
"5" NA 0.290341808172401 0.979183218201549 0.0494343941462915 0.0490605418948574 0.0575605538125152 0.980294854427084 0.0597266291946594 0.979154807874811 0.0439621579913114 0.0538050266150344 0.980548175825495 0.0654723748725566 0.0346701774494852 0.822403631564195 0.0576540266350211
"6" NA 0.314026896264305 0.974748464008004 0.0830409784254254 0.0889399627854521 0.0818981110057945 0.979019500577708 0.0842625360668745 0.977802385723045 0.0834913574221535 0.0872125989981104 0.979056393641455 0.0990297878401 0.0528111828386752 0.920430135342706 0.0846726229033351
"7" NA 0.102482684843736 0.169994380570389 0.0858958370780429 0.0765772950374535 0.101850275967869 0.169812510929939 0.0829632320107404 0.168657050717183 0.076398486380397 0.102802799443546 0.196713298790786 0.0906076323394773 0.0793311042014171 0.0724036315641929 0.09889029202319
"8" NA 0.0652101107258668 0.0671270895856054 0.0728660564635907 0.0687845205286636 0.0760613564042578 0.0689388546155007 0.043914856866353 0.0678450490446495 0.0741990456667464 0.0916669419825197 0.0674826090865521 0.0629947194177173 0.0789966467639532 0.0795210444336165 0.0752058405788804
"9" NA 0.0570904029496452 0.0518618299410515 0.0674238795928514 0.0458376606252856 0.0931421017458723 0.0527594198324332 0.0530264741784264 0.0515577186382497 0.0468017853927732 0.100575627951336 0.056056386609905 0.0407724971954933 0.0536801910677502 0.0363582225107388 0.0978595622617271
"10" NA 0.0449817480285656 0.041937618410924 0.0544987095248217 0.0397990132822906 0.0714029713110895 0.0430422886449113 0.0279695265702253 0.0418714147716788 0.0433771278585263 0.0872125989981093 0.0493140048826733 0.0333650897880893 0.0500635545397218 0.0193733285338895 0.0735877176015331
"1" NA 0.0177167437426897 0.00773678954546807 0.0165576920053491 0.0122583343768482 0.0539746643220341 0.0108250452353183 0.0539537119432478 0.0146795356180213 0.00822461983823097 0.0124237478746989 0.0143375348192459 0.011690656383149 0.00390778165480685 0.0546514674296195 0.0127613521200529
"2" NA 0.293597389118037 0.0304360730386622 0.381814137190374 0.0351538433552732 0.0474529251915988 0.543630305468641 0.0474319728128127 0.989856840582549 -0.00729356052827659 0.0353397323914755 0.989514839783805 0.0346649808250193 -0.00668071771127027 0.0500110961999206 -0.00821123656160911
"3" NA 0.539261906745471 0.146317796859498 0.673015831326896 0.151002291723446 -0.00254707480840021 0.989795958941446 -0.00256802718718745 0.990503351931072 0.991237224670914 0.151372460604819 0.99008240670109 0.149126208494174 0.990704022963897 -0.00335317294161053 0.888396054220502
"4" NA 0.557276421055018 0.973254030924776 0.405699081732394 0.977709390039039 0.0670181425829049 0.57026708627775 0.0669971902041178 0.591459429826887 0.546151898372201 0.977874803536859 0.591051642002105 0.978998348690842 -0.00563461398133756 0.00360738390293662 0.990459727738798
"5" NA 0.29326190674547 0.976687379330106 0.0468636513203568 0.982370582787714 0.0626703164959479 0.0524624166014224 0.0626493641171609 0.0650791889288827 0.0391881780768862 0.982699800592376 0.0646450862936908 0.98202371345659 0.0461947471862475 0.0662523955038645 0.0325947673449162
"6" NA 0.322074807616646 0.986663992610598 0.0827998057396675 0.993064476411396 0.0822355338872528 0.0936794504693217 0.0822145815084647 0.0939867427122241 0.095335317858968 0.993229889909219 0.093486853051019 0.992459887152369 0.101162419543631 0.0871340660375066 0.0833661426158543
"7" NA 0.11934254548504 0.158210118952255 0.101872833262429 0.161559064767008 0.125713794756818 0.0994979320315714 0.12569284237803 0.0873842842050866 0.115589035079221 0.161785904879913 0.0866080890346329 0.161382860477999 0.116914405626505 0.117296479030546 0.12554984597395
"8" NA 0.0876925421671507 0.0653884292019534 0.0924906387852899 0.0709365705890294 0.112670316495949 0.0881426366009871 0.112649364117159 0.0805663219151152 0.0978122900273801 0.0712248373169949 0.079540136045813 0.070690449188225 0.0993987699491174 0.105695550956301 0.105526568506286
"9" NA 0.0685135102301722 0.0300380038194687 0.0789588390559206 0.0359762645108566 0.134409446930731 0.0587020085342567 0.134388494551942 0.0504244779434832 0.069240861455951 0.0363259578538782 0.0493982920741823 0.0357672686676885 0.0650850444589216 0.133537778334494 0.0770568176166067
"10" NA 0.0679538329178461 0.0642315401862261 0.0661036293130255 0.0703880882685544 0.112670316495947 0.0498698201142352 0.112649364117156 0.0504244779434843 0.0494606416757311 0.0707582571499236 0.0493982920741817 0.0702800546480212 0.0601830836746079 0.119616664645396 0.0343521912820857
"1" NA 0.0162979326516282 0.012563716668392 0.0209381079007832 0.0161534228932577 0.0330019838466371 0.0161832598051785 0.0211765371073559 0.0204285547738664 0.00302590599029134 0.070364502529308 0.0118323009325591 0.0726911380734594 0.0231333347677096 0.0201584465721225 0.0276056946941539
"2" NA 0.286571570465353 0.0243204687073512 0.382070299646299 0.027826156065453 0.276064648932354 0.534839171595327 0.558563080851081 0.0320435773564569 0.517742903321575 0.0481915535270906 0.995025364394954 0.0505181890712421 0.0276680151232136 -0.00602569654549587 0.0444970209012531
"3" NA 0.530129491714653 0.121347476863182 0.677095885644203 0.12451708875425 0.481088655419281 0.951455923975975 0.989285111195093 0.128503667686815 0.992372103595213 -0.00502352407823166 0.992541156621516 -0.00269688853408011 -0.00308215234366441 0.994071680336937 0.991722723660485
"4" NA 0.552016310621513 0.962345426167912 0.411201050362688 0.96601915125953 -0.00980672783328082 0.986561875308621 0.992024979871713 0.970351993729742 -0.00800978362729629 0.0415396688264249 0.607812600013495 0.0438663043705757 0.971661280012381 0.519641043981796 0.985202352624784
"5" NA 0.301355853900929 0.980484742896204 0.06605498484638 0.984578562321605 0.0769634048350473 0.0629887542715467 0.071439820673241 0.989199957739879 0.0729521577211915 0.085885566830859 0.0783244291308152 0.0882122023750118 0.991571044101305 0.032927869305483 0.759664209177318
"6" NA 0.303458389372215 0.980921323897188 0.0688014704051545 0.984847105589084 0.074084360019415 0.0714169247483134 0.0792117538692924 0.989353079828132 0.066521687561896 0.0858855668308589 0.0731943342886982 0.0882122023750117 0.991571044101327 0.0255388709362908 0.830029938831681
"7" NA 0.0947819642188483 0.147833972785274 0.0795793674097005 0.15117162240985 0.0928434121940131 0.0696885643749878 0.0767894542913585 0.155273622521638 0.0845493917784562 0.103623926032634 0.0775888111786582 0.105950561576785 0.161001348456546 0.0916503487292614 0.106242060900438
"8" NA 0.0731634603147839 0.0328444008202491 0.0908174443882687 0.0367701825121577 0.11278170965163 0.0670407854846688 0.0731234789906866 0.0412761567511995 0.0929847698559274 0.132448759735515 0.0629073707539165 0.134775395279668 0.0471265996568641 0.10730473740958 0.0634886657278211
"9" NA 0.0663292398462961 0.0700377338602015 0.0685201470909712 0.073711458951829 0.0762251058780452 0.0638762285226423 0.0649535443501615 0.0780443014220479 0.0594116283691172 0.101406631132413 0.0470063106832457 0.103733266676564 0.0785084185011489 0.0929162482009474 0.0721093553829934
"10" NA 0.0534424209394342 0.031971238818258 0.0644660930369165 0.0362330959772133 0.0833005775761582 0.0448888867504914 0.04697968814101 0.0409699125746906 0.0642077914386612 0.108058515833073 0.0664409396585109 0.110385151377229 0.0399185175238422 0.047352699040275 0.046947392623964
"1" NA 0.00540794739125054 0.00647654156209256 0.00357860073497806 0.0293825453055269 0.0104982532646765 0.00390552179309532 0.0133207173742719 0.00181073757601315 0.00977193891733011 0.032789318026375 0.0127059114139912 0.0310804751475122 0.00135147958360663 0.00259967956056351 0.002131830703009
"2" NA 0.28090794739125 0.373953037770614 0.0193285340045964 0.00773590672070495 0.0259807329646748 0.676552057491707 -0.0150824559478525 0.984294059469812 0.0252100136968907 0.0170589809477244 0.0198217998150144 0.00841027604081638 0.234036087775455 0.984183982238627 -0.0144656796704334
"3" NA 0.532156867043348 0.67483791404005 0.130227195572474 0.3021098180328 0.136879394532553 0.982962672649575 0.984917544052145 0.982225503144715 0.136108675264769 -0.0121545021983449 -0.0123875050769208 0.316564346115255 0.98403421125186 0.981612382010728 0.864741594635358
"4" NA 0.536907947391251 0.385623460993369 0.965337682952949 0.0325391992986701 0.97225733548265 0.677759786960306 0.540150166667787 0.541401108909825 0.971531021135303 0.0530140371274996 0.974254120644768 -0.012378358003854 0.956978559703447 0.517825779161693 0.984151993869356
"5" NA 0.296355570625865 0.0562915106886575 0.97512469547686 0.0608401396066136 0.981910621221749 0.0691229130974426 0.0596363358991026 0.0721361345024346 0.981162104414182 0.0620028011724416 0.98112046546758 0.0638767955445727 0.833962478184955 0.0162823908995699 -0.0165391693607556
"6" NA 0.311958163460831 0.0778074979940592 0.974444346241651 0.10165167183388 0.981631452340968 0.0742477225270902 0.0938500059257851 0.0736226506989132 0.980949542914058 0.0934634753297457 0.980995693678478 0.106707818869604 0.65286538008303 0.0749247229793652 -0.014926455157172
"7" NA 0.0976152937569894 0.079218328258191 0.151940049587798 0.100635769046279 0.158191068193449 0.0753645104370471 0.0928823552129905 0.0760792337764057 0.157353741545007 0.0912162843185111 0.156650907922198 0.102495986810028 0.122200556906144 0.0760557561417171 0.0696738109136284
"8" NA 0.0703750168881138 0.0757402710816177 0.0591569333354439 0.0918407161176169 0.0648730448018586 0.0725908334494039 0.0656094471805657 0.0691640217972503 0.0639469083125424 0.109193812408398 0.0581488187951321 0.088517181450208 0.0641195403227141 0.0733791940903325 0.0961827906773749
"9" NA 0.0611741526097916 0.0737091268703691 0.0295691126853122 0.0964632122655351 0.0358201312909642 0.0653444566378128 0.0743240441304515 0.0604380183068549 0.0349828046425215 0.104699430385925 0.0330554023042196 0.101420407256665 0.0247979595035458 0.0659717866829259 0.0754359027105705
"10" NA 0.0572724240531473 0.0621993096733578 0.0468753069491001 0.0918407161176142 0.0541961398332265 0.0484362440774229 0.0372870070934174 0.0569476169106859 0.0535364328665354 0.109193812408398 0.0592730637044206 0.0917429879018197 0.0110898628002745 0.0622680829792207 0.0380915043703219
"1" NA 0.020837827363691 0.0229943684586037 0.00930872007380473 0.0138159726973811 0.0145901728411521 0.0484856714759394 0.012129831278748 0.0117833512639629 0.0574360030556251 0.0171604276803064 0.015733280319128 0.018136112655033 0.0093675671617544 0.0645864372399754 0.0266061443057431
"2" NA 0.295279951936595 0.392513558262674 0.0165890385048132 0.0202883731275122 0.656277324052407 0.0527278412880506 0.01849699271808 0.526411921092278 0.078030968730683 0.535678946198822 0.0202030251164786 -0.00813331669407999 0.989848297093286 -0.00291356276002453 0.988927924299709
"3" NA 0.546242955353373 0.686695517637599 0.146451577216662 0.150958829840238 0.985901857727669 0.29766637075965 0.149272688421605 0.987117564382168 -0.00892555300844406 0.984447898712992 0.153137860471801 0.99150424021926 0.848844573348894 -0.00541356276002576 0.982823801678371
"4" NA 0.566185079926276 0.419883238687849 0.971996498336928 0.976099791960066 0.721838015853197 0.0276070227076202 0.974361031046033 -0.0119234754701307 0.0414176964194709 0.986656605821908 0.97789181683994 0.583999693028973 -0.00884580109826765 0.0495864372399765 0.991095517652328
"5" NA 0.3041642010824 0.0613597355174982 0.980737291502378 0.985244544125951 0.0591094995271636 0.0789111794421178 0.98355840270732 0.0796837840905811 0.0757426392112367 0.0501944689580432 0.989015723067219 0.0645694533321379 0.0897378892188841 0.0745864372399767 0.0554230030324389
"6" NA 0.309321709624349 0.0700250658329307 0.976850043957606 0.980414725580153 0.0595799607870006 0.0971374835175632 0.978605805338924 0.0521397544346454 0.103202593444644 0.0682757998819782 0.982143911335886 0.0786102757233597 0.0367380753178831 0.112086437239976 0.0700428860733779
"7" NA 0.109384346155981 0.101658250464969 0.127403958169043 0.131911210792619 0.0986537033008683 0.114941943156529 0.130225069373985 0.10866557280255 0.110067582002998 0.0962484875190194 0.134053891006151 0.109721065019175 0.110780711397201 0.109586437239976 0.0988597448000726
"8" NA 0.0800048581147121 0.081858911614095 0.0722435866661988 0.0776934102907985 0.0735056075308261 0.0984030168270044 0.0761300476947624 0.0583736765602253 0.105490922964097 0.0817092808217634 0.0798570004474086 0.0737601303188307 0.0554876557129214 0.109586437239975 0.0972696717934982
"9" NA 0.0772572386669797 0.0805029794107061 0.0661128480286224 0.0698121826513233 0.0640493427554212 0.107941967542425 0.0680208022418902 0.0871506549774912 0.107779252483546 0.0575546914497903 0.0717297426737305 0.0864719947256097 0.0783884190716996 0.114586437239977 0.0504860460625079
"10" NA 0.0661993632398823 0.0689775556818914 0.056328033052026 0.0601620206748708 0.0404086808168816 0.112711442900137 0.0583881800972395 0.0559755950254535 0.128374218158604 0.0366207139940744 0.0601705358436382 0.0674041981154403 0.0669380373923094 0.127086437239976 0.0241702565888214
"1" NA 0.00162544233867698 -0.00123003250848082 0.0144967252931779 0.00921711586000288 0.0235136747706382 -0.000933768852618287 0.00636294749386903 0.0188097520245903 0.00785300896232732 -0.00175823944985415 0.00317421399669902 0.0111280705553343 0.000286109434707814 0.0129389686346287 0.0300556288969657
"2" NA 0.274191500352587 0.284484297093572 0.270598273438013 0.658459933648328 0.0371569284979875 0.0134664484004342 0.990630494067201 0.274888151895173 -0.00953727261354785 0.0133060512086305 0.0180741871833977 -0.00371529348978141 0.0142282185806254 0.995791244699537 0.0583164984621892
"3" NA 0.538299985849109 0.585986686984542 0.486836495842531 0.992782590760998 0.317457544785414 0.143077363395955 0.98677678703797 0.491103226025439 0.931690930221339 0.142584929501434 0.541635752458237 0.996620168947843 -0.00207612924545943 0.994006510458622 -0.000379153711728162
"4" NA 0.544040587373451 0.985146467884137 -0.0095839589082276 0.724814323330704 0.0236883296993053 0.988990952827091 0.989620185004493 -0.00529408045106846 0.991303783642254 0.987917454702827 0.989645179611025 0.550699490904471 0.991689994741442 0.591671919899859 0.0387512810708837
"5" NA 0.273094830121713 0.46292848246916 0.0405299363081735 0.0319496734712577 0.0589059734477897 0.986789690254845 0.0375752770815281 0.0448198147653335 0.038853045107465 0.985467164603519 0.981509723617165 0.0411237820602737 0.986344000288788 0.0276991162361047 0.0713599767230567
"6" NA 0.275637257604325 0.467257399022647 0.0403672475509597 0.0431860601979767 0.0453209380299995 0.995517154332129 0.0365649680188191 0.044633977733867 0.0402548055338188 0.995107729613279 0.989645179611024 0.0369499133920526 0.997835082598493 0.0442439980784966 0.0539686723752286
"7" NA 0.0643612102830383 0.0853499370375738 0.0454109916151277 0.0446852352441562 0.052102632171113 0.146704026422979 0.0401010497383013 0.0499092045405598 0.0470554566739058 0.145879555825733 0.555850256244421 0.0428681867359123 -0.00252007002568485 0.0435443796044448 0.0583164984621849
"8" NA 0.0342597064721838 0.0279268069281015 0.048746372865038 0.0276344208587914 0.0642105627144566 0.0346544744370217 0.0243035482675659 0.0533950495731099 0.0392693470908289 0.0339960221911409 0.0460462151554244 0.0314871530191618 0.0354346200791406 0.028084613528918 0.0800556288969714
"9" NA 0.0358139492204448 0.0244253990532511 0.0567190380131022 0.0313154024538824 0.0686418773377961 0.0288265488377481 0.0181115978031704 0.0613677147211733 0.0427057732076604 0.0282511057675458 0.0176172075830555 0.0438074815612554 0.0357009845472779 0.0280846135289177 0.0822295419404476
"10" NA 0.0300309202134901 0.0184411579281772 0.0510242771930566 0.0276344208587924 0.0642105627144563 0.0173258700626997 0.0181115978031707 0.0556729539011324 0.0392693470908275 0.0170824636952163 0.0185311667837391 0.0335405411095113 0.0193966367211859 0.0225495581783639 0.0865773680274046
"1" NA 0.0280733911474873 0.0138117056231377 0.0332087833693218 0.0681460758872041 0.0157108750893904 0.0125510183768624 0.0101929061932442 0.0749596739585836 0.0139054055950371 0.0313467522824762 0.0844766974495335 0.0353566044457605 0.0178962346845866 0.0135306501979215 0.0139966374837322
"2" NA 0.288740551112475 0.0212882277282602 0.382241593119711 0.0326501689418067 0.0233092006905513 0.662374507304434 0.54750179925885 0.0461348402557015 0.0215378647461518 0.508475126662315 0.0535243164971525 0.512470339408385 0.0178027209622409 0.996654332096157 -0.00103990871658054
"3" NA 0.554391438429762 0.17111694670968 0.688144235927187 0.306530546265113 0.173625133656118 0.994159510124163 0.992335040896195 -0.00264564754917558 0.171990331911544 0.995419526753716 0.00114336411619993 0.999385460665347 0.171424767437384 0.993910737109314 0.895951482116266
"4" NA 0.576361852924293 0.986732401948089 0.433579852102626 0.0506154102657283 0.988631571414338 0.73982135245606 0.993469519160095 0.0727423790583625 0.986826101919986 -0.00484206462097682 0.00828622125905705 -0.000846851874910803 0.990699300063854 0.99789857663814 0.997553730188744
"5" NA 0.310270136617947 0.988777921287432 0.0738488886581318 0.0641992579215519 0.991529715225936 0.0880223260086402 0.0836762140605505 0.0727423790583616 0.989963180581292 0.069172102567913 0.0820957450685807 0.0732844306517173 0.993849825762685 0.106717416125704 0.0696837550053147
"6" NA 0.308740551112475 0.987624950716738 0.0723318926577743 0.0845775748798392 0.990011334167164 0.0683412080517284 0.0542032910625363 0.079394263759026 0.988342398872617 0.0980969969532069 0.0892386022114379 0.102223964454227 0.994130366929702 0.070497683722439 0.0476637637929862
"7" NA 0.1139387764779 0.153969244720611 0.100497682277627 0.113938512500087 0.156355628171013 0.0934474743203393 0.092319938570789 0.10821909746191 0.154686692876478 0.105163138650182 0.105905268878104 0.109041236058513 0.159822374726981 0.0917765895336903 0.11002180163888
"8" NA 0.0878500199614853 0.0632092922510015 0.0973860995844838 0.127197701116355 0.0646212477331119 0.0744602728645277 0.0589604320632582 0.152564995466345 0.0626792440389327 0.0877546139119315 0.167810030782866 0.0914131200620119 0.0650539153049586 0.0617352940718882 0.0599359482653234
"9" NA 0.0789254636201292 0.0555836317063975 0.0879457759162394 0.105725308478319 0.0578482116607628 0.0744602728645272 0.0735000120309496 0.112653687262354 0.0561451428162736 0.0756480763816657 0.115429078401914 0.0793065825317456 0.0605006837709624 0.0646171384522929 0.0957665671578312
"10" NA 0.0719861145260367 0.0674494693691665 0.0744595992473236 0.0995903391531604 0.0695922458274983 0.0552063619138656 0.0557294142926617 0.0971326229607961 0.0678550434330521 0.0708054613695587 0.1011433641162 0.0744639675196402 0.0722901039260553 0.0646171384522923 0.0566786192750939
"1" NA 0.0245254617559203 0.0175645836242666 0.0279580881474445 0.0202897381069189 0.0366239189766973 0.016172047704187 0.023201041385412 0.0410327601614374 0.022624587691152 0.0161235148701058 0.028286667354206 0.0191196710545017 0.015467383358422 0.055404744386991 0.015261959951933
"2" NA 0.299276571302556 0.0290354589430442 0.396474637432969 0.537978824119801 0.296848284055618 0.0290053704378739 0.993528340242713 0.000211638269122133 0.559544549495551 0.0285029019260263 -0.00307169269188543 0.994777984963483 0.0275884226065058 0.0651134822510676 -0.00132247383899213
"3" NA 0.554713793915896 0.148993155052837 0.700119504963626 0.952444033613625 0.521507639906931 0.14804900002492 0.891446509775981 0.35121022355924 0.989188704486394 0.147935619236873 0.924164074130451 0.989475454323771 0.147242580895496 -0.000420498331455676 0.996623746229866
"4" NA 0.560272133116013 0.979983346151673 0.411671844389943 0.993811541600112 -0.00222967644685978 0.980833087627233 -0.00511868917001289 0.0346327601614365 0.995337335057217 0.981108794562985 0.996748366414106 0.58805376202139 0.980637197199754 0.00443387060058272 -0.00291985822988487
"5" NA 0.308897687889333 0.99057746081097 0.0670821153547377 0.0646250774708699 0.0709057619065548 0.993599177229921 0.0582204966383329 0.0740764186559499 0.068430358843607 0.994069428027571 0.0569605024796542 0.065403937476244 0.993708551153413 0.0748222201151457 0.0823027892831144
"6" NA 0.319711574822627 0.991218373104227 0.0815862988931485 0.0816419361067093 0.0852997873758712 0.991034994514331 0.0929693577737947 0.0799200771504597 0.0863635011989455 0.990467678048521 0.0813303446383915 0.0900049870003923 0.989516291899309 0.0723950356491257 0.0993436186142947
"7" NA 0.116287666768907 0.18053965066452 0.0949841267421961 0.0865727764095006 0.101781163349541 0.179701496085496 0.0907018718948733 0.108789101666926 0.0825119268542649 0.179847507113315 0.0809850513398436 0.0888642697518224 0.179302096090702 0.120938724969514 0.0754938578934821
"8" NA 0.0765454335953534 0.0583567365033334 0.0849738678296915 0.0770577653327326 0.0888316450811261 0.0592749254441516 0.0586589519339659 0.10156797977461 0.0736987443122559 0.0594857844259366 0.0892331554852502 0.0531178204612894 0.0589772802330152 0.118511540503495 0.0770912422843745
"9" NA 0.0796732074619413 0.057328735258047 0.0897196305415549 0.0689408822158502 0.102785133453221 0.0574337616285907 0.0586589519339647 0.120767979774614 0.0652812358947481 0.0569961410707094 0.0677277791411643 0.0566576434701423 0.0561185685808799 0.135501831765632 0.0952730604661944
"10" NA 0.0731709883686712 0.0570082791114189 0.0809060712195195 0.0413434796184471 0.107436296243918 0.0577616545131006 0.0781142048522566 0.115967979774613 0.0400287106422227 0.0578428175869522 0.0498066321877604 0.0460381744435891 0.0572604997346498 0.133074647299615 0.0907276059207399
"1" NA 0.0129703096857153 0.00898673126044994 0.0166451516131195 0.00289232763066923 0.00992181122429158 0.040725310743872 0.00872407142893983 0.0558761042140893 0.00702873477251522 0.0134710781386105 0.00735353708826374 0.00603837588915948 0.0131003550299045 0.0543511762440995 0.00962025304277243
"2" NA 0.296666788776883 0.0147844351339314 0.406377989037085 0.669926876115157 0.016740057485027 0.0407253107438723 0.544516212786819 0.0647061262891447 0.566379618908502 0.0200989685465891 0.589460025417705 0.565329689557872 0.00874330549390372 0.0631811983191556 0.0378256330726048
"3" NA 0.546331752639419 0.227948016981432 0.669545397894735 0.982232605098881 0.186556520070061 0.273890182726519 0.984236551609247 -0.00593405031129672 0.990616455806502 0.18845145217634 0.98309398765596 0.989611204306343 -0.00821287051241918 -0.00745897828128605 0.988878641571374
"4" NA 0.553724710821756 0.982175739481757 0.39242748314057 0.697145811026402 0.982062549805439 0.0212058691473295 0.989767365142988 0.0382160600639788 -0.0098693191747889 0.985391890932714 0.988803333419296 -0.0108001075908681 0.984876957045215 0.0366911320939903 0.983300237817428
"5" NA 0.292429992185003 0.928431443448986 0.0518657633325467 0.0496280731410466 0.97371809285024 0.0673406527452629 0.0543461339881002 0.0735361483642 0.0589155272253476 0.977160881280318 0.0391003131874897 0.0579251683419914 0.972361074605644 0.0720112203942106 0.753099166886576
"6" NA 0.314684393321045 0.972151317148294 0.0658158864733543 0.094778947121067 0.981478302628736 0.0713572948631806 0.0994703447416843 0.0757436538829639 0.0862458640551969 0.986836876901069 0.0444959966407277 0.0854044313400339 0.984377492860733 0.0742187259129747 0.916204011450981
"7" NA 0.103729819234143 0.159228745706329 0.0858450418055894 0.067960198246712 0.159833971227865 0.113555735718195 0.0717597118334733 0.126516280814531 0.0818907322523672 0.16165911766274 0.0661621431631944 0.0806323062662688 0.14922178521817 0.124991352844543 0.180188866165617
"8" NA 0.0733016519634832 0.0716686939130135 0.0779728025890717 0.0645498421475452 0.0760296561356538 0.0886807712977621 0.0745156910604303 0.0956112035518373 0.0640915126829276 0.0795208616014559 0.0725615460087459 0.0626692679118194 0.0755690811502286 0.0940862755818487 0.0858299421715852
"9" NA 0.0648016519634835 0.0626107228985206 0.0696855097713932 0.0609995462895578 0.0645354032620899 0.076042540650052 0.0662100432198994 0.0801586649204915 0.0664500032489607 0.0680045468221858 0.0653673014044302 0.0650277584778566 0.0707125674297435 0.0786337369505026 0.052281828988361
"10" NA 0.0579086937811485 0.0389386898257969 0.0689949020365866 0.0408812030942968 0.0407679012793603 0.10131900194547 0.0446153588345172 0.122101269777003 0.0499405692866996 0.0443393841593945 0.0437845675914815 0.0485183245155928 0.0488166336721902 0.120576341807015 0.0245477901596515
"1" NA 0.0178072233159309 0.0104802864902271 0.0224124368680487 0.0439875181746454 0.0133431191229582 0.0136203681989948 0.00559485590426232 0.047596339972533 0.0202915635151727 0.0155570323153139 0.0159057449208539 0.0214207713555964 0.0228026880276848 0.00568197314912611 0.0572177894189831
"2" NA 0.279611044459567 0.0365642008162014 0.366485458852998 0.0216667069881134 0.664476120614969 0.0403058760003621 -0.00613360264747302 0.024535858508453 0.993904910673637 0.0423104383803357 0.0255267367689016 0.482897947018371 0.993542269129659 -0.00590979864218889 0.038742038841617
"3" NA 0.536594306241457 0.123937681256692 0.683323500212705 0.327042215951185 0.989192740579582 0.125589480168105 0.917191110041897 0.340269392774832 0.990279145090561 0.127526144284425 0.11413757203284 0.996131394754516 0.982836983902321 0.933775103758778 -0.0028283999574602
"4" NA 0.550754585922328 0.976833950334507 0.403181499601561 0.0271420969316452 0.728142293136291 0.9804603161548 0.992999133708966 -0.00345192891801453 0.603468102857196 0.982464878534775 0.982254185123841 -0.00428073685040786 0.994071979457173 0.993449270712435 0.00871894415339537
"5" NA 0.29787659892764 0.986467861702522 0.0584839692238726 0.057078160668872 0.0689814523658758 0.992043327737812 0.0503060325214716 0.061182634975112 0.0794407722888813 0.994047890117789 0.99404200437728 0.0525153695309374 0.118282447357236 0.051395949220243 0.0664556647076678
"6" NA 0.312185210310619 0.984541079428918 0.0784282984171093 0.0984899507587172 0.072584851524977 0.988182323876809 0.0704177898569376 0.104018727261678 0.0742517457684744 0.990186886256784 0.992127915550829 0.0734047149237985 0.11511425217486 0.0721073317421248 0.103407165862402
"7" NA 0.111407707863786 0.168253673549563 0.0938335650172145 0.100104866900323 0.0965588972321643 0.169905644763235 0.106993457302862 0.0995261932573186 0.0974830150008877 0.171859283445467 0.172975572868455 0.0991650990733646 0.0865348894122017 0.105326101263005 0.108026103506745
"8" NA 0.0821565241137532 0.0530922558856127 0.0953207663873756 0.112827341108631 0.0834589661320793 0.0561767904764498 0.108356300171311 0.112502636339431 0.0767920447916449 0.058096480026857 0.0591277488501278 0.0775770746371922 0.0845017877887657 0.106333277991459 0.12188291643977
"9" NA 0.0564651354967345 0.0483476538339381 0.0622350135176961 0.0831537506041795 0.0475678770231669 0.0519742673897879 0.0454192372342473 0.0848952743762392 0.0528949859681143 0.0539618552038482 0.0549962849024965 0.0546937794426805 0.0550900230828847 0.0422763384896812 0.0964787593958905
"10" NA 0.0550129826509893 0.0620578891252773 0.0554828190544953 0.0846374301293978 0.0339540156370293 0.0655731607097157 0.0419227337377441 0.0833615320449531 0.0381891036151747 0.0675437739578632 0.0687992884139614 0.063847097520484 0.0286194348475888 0.0280414630448405 0.094169290573719
