"1" 0.0636277332821604 0.0150373909846238 2.33493590414515e-05
"1" 0.0803300827203125 0.0156432530307267 2.84894952083663e-07
"1" 0.0527220813529141 0.0159963290705221 0.000983015788525251
"1" 0.0748592634995571 0.0159828947760744 2.83785701327937e-06
"1" 0.0727589120091751 0.0159505801033856 5.11195645453756e-06
"1" 0.0636560558749028 0.0154013833694452 3.59462785816186e-05
"1" 0.0694393022213726 0.0161357594643709 1.69053207785229e-05
"1" 0.0545146915287677 0.0146775037723481 0.000204490794607483
"1" 0.057995473721621 0.0164819832402058 0.000434705406718326
"1" 0.0812086821999528 0.0156788199025407 2.24862555065797e-07
"1" 0.0804318755496918 0.0158707789728546 4.06166950257959e-07
"1" 0.0507679670762651 0.0156968996493336 0.00122175401592187
"1" 0.0636277332821604 0.0150373909846238 2.33493590414515e-05
"1" 0.0803300827203125 0.0156432530307267 2.84894952083663e-07
"1" 0.0527220813529141 0.0159963290705221 0.000983015788525251
"1" 0.0748592634995571 0.0159828947760744 2.83785701327937e-06
"1" 0.0727589120091751 0.0159505801033856 5.11195645453756e-06
"1" 0.0636560558749028 0.0154013833694452 3.59462785816186e-05
"1" 0.0694393022213726 0.0161357594643709 1.69053207785229e-05
"1" 0.0545146915287677 0.0146775037723481 0.000204490794607483
"1" 0.057995473721621 0.0164819832402058 0.000434705406718326
"1" 0.0812086821999528 0.0156788199025407 2.24862555065797e-07
"1" 0.0804318755496918 0.0158707789728546 4.06166950257959e-07
"1" 0.0507679670762651 0.0156968996493336 0.00122175401592187
