"1" NA 0.119649829783119 0.134239593933968 0.0553563010337979 0.035982682252344 0.0591950908028602
"2" NA -0.00164661083259622 -0.00378756926495047 0.000519336535643564 -0.00368216911220765 -0.00111201398079112
"3" NA -0.000809627327670405 -0.0015607959347705 -0.00398053779393009 -0.00452665322385427 -0.00588774816397956
"4" NA 0.00889197510138043 0.00366992698639217 0.00238345540876856 4.92542587043585e-06 0.000448771304663398
"5" NA 0.014242557119342 0.012799968650176 0.0164574089884407 0.0114199963032595 0.017246180572894
"6" NA 0.00584782864262769 0.00176238722006495 -0.00721799018307819 -0.00492228039687562 -0.00303698961233311
"7" NA 0.00770321639974274 0.00580580348801407 0.00416806910475132 0.00448811315421695 0.00568373186739194
"8" NA 0.00689749152284296 0.00413161487422015 0.00276952849636592 0.00581735103299567 0.00448359651170475
"9" NA -0.00870539581632996 -0.0068007253913432 -0.0052630230487177 -0.00498490823505846 -0.00309144893406932
"10" NA 0.00467455506977936 0.00466136511084897 0.0091110411896789 0.0064244638579907 0.00661773543124587
"11" NA -0.00878789936640737 -0.00822384878009966 -0.0107018965222644 -0.0096965977440717 -0.00885826107984212
"1" NA 0.0979949679726914 0.0614992713078681 0.0233880466974038 0.0174465742483702 0.00988124425392036
"2" NA -0.0039835911349284 -0.00432337218073554 -0.00515205401162145 -0.00563368927961743 -0.0047051911420391
"3" NA -0.000898218620298837 -0.00129799837336399 0.00343308404326169 0.00244529570426494 0.00305837517557077
"4" NA -0.0073066743100581 -0.00698647020522101 -0.00725588128782689 -0.00750152878934498 -0.00626145617825333
"5" NA -0.0110642405348032 -0.0117145059955103 -0.0119906957595676 -0.00827278247785056 -0.00902354146283965
"6" NA -0.00567505340777914 -0.00674138165293628 -0.00832588346880716 -0.0074990096216039 -0.00637662112144304
"7" NA -0.00545573906711481 -0.00475413579714412 -0.0040611296264152 -0.00210173039667578 -0.00337586366008663
"8" NA -0.0161680885037284 -0.0166495011085768 -0.00479150899413609 -0.00618844191551162 -0.00775289990011807
"9" NA -0.0114765291318026 -0.0103699744705094 -0.00405753786484185 -0.00346620867761003 -0.0033432855699247
"10" NA -0.00745186030611653 -0.00755754499144063 -0.00406791776839764 -0.00354807150991857 -0.00479322499296275
"11" NA 0.0223016359513485 0.0221922845495898 0.0117998045793734 0.00913330522518556 0.0133438376591359
"1" NA 0.10865492107955 0.129916055483698 0.0653226335057803 0.0571842207742747 0.0605015012360337
"2" NA 0.00338685214020242 0.00690379720367373 0.00705795944031054 0.00842145605899945 0.0048341639670327
"3" NA -0.00699683192818566 -0.00773169934058866 -0.00390995020437065 -0.00350724531827166 -0.00393087507984354
"4" NA 0.0152784265434588 0.0130195200269958 0.010825518633009 0.00959446450021837 0.00914791214284101
"5" NA 0.00948734793093534 0.00994931489307293 0.00586674891347005 0.00593997243062378 0.00400312895627383
"6" NA -0.00531755052897489 -0.00372479587546509 -0.00530786897997947 -0.00422352484265701 -0.00391378681794124
"7" NA 0.00720466707851364 0.00433637761232009 0.00714024665599437 0.0059508786098074 0.0076293949973636
"8" NA 0.0123902548361552 0.0111024734265154 0.0053089584883247 0.00556001871009489 0.00331016652213782
"9" NA -0.00772252520944585 -0.0110473302063037 -0.00890703258721822 -0.00690319601957512 -0.00951834044868606
"10" NA 0.00895747971125727 0.0033133874945993 0.00833400368510333 0.00836576993773821 0.0085798283333289
"11" NA -0.00546819021701654 -0.00803063446004773 -0.00646504553885333 -0.00636599949498701 -0.00434621066343297
"1" NA 0.119354624652286 0.150974016552382 0.0714398222422118 0.0607720667607671 0.0533512902265982
"2" NA 0.00447198174286391 0.00365403580806549 0.00788517784728511 0.00471096135981077 0.00460668071563357
"3" NA -0.0176021940876446 -0.015964492027856 -0.0116903174562733 -0.0100408530753754 -0.00964004121302567
"4" NA 0.0171114323997694 0.0208413933152294 0.0104850524206644 0.00752008382226375 0.0101821448276131
"5" NA 0.0128587960286389 0.0100370508205514 0.0105384119889694 0.0097922996209455 0.00970909767200302
"6" NA -0.00922031243225062 -0.00751992202954972 -0.00761935142094243 -0.0088749753840818 -0.00835368727471468
"7" NA 0.0102754090883056 0.0138453946128688 0.0117998947060584 0.0110004736873556 0.00811477296368475
"8" NA 0.00642452800423048 0.00619846506813806 0.00200972162073003 0.00458801565674828 0.0038355739124786
"9" NA -0.00890129518069323 -0.00968758072921938 -0.00697736990072449 -0.00613815961102185 -0.00593619488446798
"10" NA 0.00781305313665778 0.00529399396459084 0.00426960670069009 0.00606373618009511 0.00629867943234991
"11" NA -0.0135918351172588 -0.0129325426240385 -0.0135529908884042 -0.0116050480276907 -0.00982171275382478
"1" NA 0.110519687674836 0.113511060258763 0.0698212495430027 0.0398117429466014 0.0406061599763575
"2" NA 0.00421637364860868 0.00364360623962764 0.00298114129634301 0.00337049090915106 0.00362340993766022
"3" NA -0.00543603551904922 -0.00881776165365502 -0.00584625383971431 -0.0078032820317757 -0.00987886829908745
"4" NA 0.0109932750120297 0.0100598193798049 0.0101858015247658 0.00977029556277125 0.00791223066027781
"5" NA 0.000340467472986131 -0.00041752020096604 0.00287141716106187 0.00328599045513417 0.00224915585477232
"6" NA -0.00762132475353062 -0.0059164979988693 -0.0060964695812694 -0.00720552558787535 -0.00527918705152454
"7" NA 0.0162662263346446 0.0121284222213656 0.00858828347145074 0.00774981379132058 0.00912334660508311
"8" NA 0.00633324379107732 0.0109570499905804 0.0100127396685864 0.00604845331845913 0.0049311382742601
"9" NA -0.00354979995391598 -0.00474308459286689 -0.00404410228765913 -0.0063486761680434 -0.0108860916863366
"10" NA 0.0118569467889001 0.0104382334631613 0.0081605989484894 0.0092378458751195 0.00606565995039899
"11" NA -0.00634041596844624 -0.00566764658265807 -0.00980796636900326 -0.0081257518748173 -0.00308849055983756
"1" NA 0.100432139161102 0.118607550004834 0.0486684415495542 0.0370565548551156 0.055523446151871
"2" NA 0.00718620630654128 0.00776828306066547 0.0108232448105873 0.0120025840783277 0.0103863098149939
"3" NA -0.0044149621112728 -0.00263559162828854 -0.00249657497479027 -0.00417416106101049 -0.000785041971580907
"4" NA 0.0108588204458494 0.00623116681256574 0.00854682835554098 0.00896080770591609 0.00844268272132986
"5" NA 0.0131723232312739 0.0178133290537758 0.0127737882841892 0.00918860126786283 0.0127030658182606
"6" NA -0.0144058440109949 -0.0159605173986111 -0.0140948153378998 -0.0127054997107902 -0.0116283091487605
"7" NA 0.0108893924848276 0.0107213681383397 0.00706219236153402 0.00923281641127711 0.00494602918872213
"8" NA 0.011429241262814 0.00954719420016102 0.00975509557195913 0.0089060644034745 0.00855044378534742
"9" NA -0.00168788464931878 -0.00660580726531361 -0.00837952386465322 -0.00899539570153418 -0.00729671652477197
"10" NA 0.00857061863101988 0.011761769963604 0.00533541926570586 0.00608297827325791 0.00254203783710046
"11" NA -0.00677960231400211 -0.00621622343718732 -0.00709196655812329 -0.0040782949664875 -0.0053108647639518
"1" NA 0.115750854195024 0.137027862713273 0.0663350376365446 0.0571266259416644 0.0570243789687475
"2" NA 0.00708376605038102 0.00851826408585014 0.00667092578490895 0.00791855757835257 0.00680581651919131
"3" NA -0.00829347488935392 -0.00920765644243624 -0.00408887765251926 -0.00572524065530368 -0.00589000842243947
"4" NA 0.013904759482309 0.0158783988758601 0.011313873910058 0.0111494015679946 0.0104566514768896
"5" NA 0.0135222211941302 0.00795081396824281 0.0089364065264911 0.0110603271125803 0.00859720724034178
"6" NA -0.000190680926803446 -0.00124630270099337 -0.0085032250077377 -0.0100818415149614 -0.00589503632467136
"7" NA 0.00108462678123844 0.00148370078139428 0.00441123091233762 0.00636220190882423 0.00863880415055633
"8" NA 0.00642073138364421 0.00897756965154755 0.00344791832249159 0.00431346922287405 0.0035809816964062
"9" NA -0.0101432111059906 -0.00954874990607621 -0.00758117846781683 -0.00922830279542347 -0.013056498464314
"10" NA 0.00086833636267274 0.000878948437354993 0.000928871538717781 0.00311619703727723 0.00179095139731624
"11" NA -0.00802981679430576 -0.00641013380096998 -0.00295969399582662 -0.00263939077810943 -0.00576939658651554
"1" NA 0.108485496522577 0.071420364417016 0.0394137955688776 0.0815824568138151 0.0326740414244474
"2" NA -0.00343444937389602 -0.00383487333141032 -0.00384747428083534 -0.00409590639404538 -0.00420565638720039
"3" NA -0.0114699181236004 -0.00587406056979103 -0.00908392820956261 -0.0071244148072631 -0.00948436174680812
"4" NA 0.0046727339205027 0.00993245633932417 0.00590536689993028 0.0095299057655605 0.00205883649348381
"5" NA 0.0124325128548984 0.00841784107099167 0.00798775478506541 0.00543211860725328 0.00746267155480203
"6" NA 0.00971502990218211 0.00649239598495552 0.00751404779591263 0.00558468080834236 0.00589306249061274
"7" NA 0.0136517464069258 0.00773645012021948 0.00503673610520628 0.0072530955962181 0.00564930840428276
"8" NA -0.0162454722254477 -0.0156773410762971 -0.0111483291926715 -0.0125954918666391 -0.00378879351438462
"9" NA -0.00445381825483445 -0.0027887916374247 -0.00484705528190728 -0.0033924975700962 -0.0057164758852811
"10" NA 0.0141674414989618 0.0122935035586628 0.00917576373988064 0.0107254482325485 0.00689620953913047
"11" NA 0.000585943828935998 -0.00207292869008602 -0.000996299615183834 -0.00603293983242118 -0.00224941303687377
"1" NA 0.121301811816044 0.134638071651515 0.0716656642006597 0.0540186188735464 0.0479725395629671
"2" NA 0.00492191700001252 0.00832319946828036 0.00887417182570877 0.00923394824098974 0.00925253289583625
"3" NA -0.0188477197668311 -0.0155648940190371 -0.0132737561813849 -0.0120176622526354 -0.0120534504404027
"4" NA 0.00683112436975595 0.00819715791067371 0.00785577666809031 0.00863619340400487 0.00769512842315579
"5" NA 0.00517401778034911 0.00160989557303638 0.000598699152422547 0.00420446598893505 0.00242017749762962
"6" NA 1.91959672913208e-05 -0.00128091920602135 -0.00332299847246204 -0.00233419728562482 -0.00137162838019661
"7" NA 0.00753605142037201 0.0110484841422098 0.0102584725324031 0.0100370575823795 0.0080404186830231
"8" NA 0.00721727522991016 0.00424560846297422 0.005848698524132 0.00598243094704867 0.00483742640567966
"9" NA -0.00380385250406271 -0.00461615929067297 -0.00684521891454591 -0.00682900795427256 -0.00912562317289367
"10" NA 0.00513121281081841 0.00142635020622149 0.00246737285344279 0.00173208277426849 0.00109131221958225
"11" NA -0.0118747111178461 -0.0127642265980363 -0.0124528611039957 -0.0141955386542503 -0.013880284918821
"1" NA 0.125554773317579 0.146029934622483 0.103523016064606 0.0695426881861345 0.0502035094280738
"2" NA -0.00164045455454924 -0.00121708360271331 0.00150099050749163 0.00289739799693369 -0.00175861751485976
"3" NA -0.00298848638492282 -0.00357287473535481 -0.00264934465444992 -0.00344311186573078 -0.00226934000176303
"4" NA 0.00484538805167432 0.00500608962014485 0.00334178493767749 0.00640856353926578 0.0073579577385263
"5" NA -0.00137909119080737 0.00291428021149848 0.00598200156806839 0.00417839307369164 0.00411341953906999
"6" NA 0.00218108440106494 -0.000121269738803292 -0.00586229472862791 -0.00693130822515958 -0.00461269522266001
"7" NA 0.00767565323336957 0.00590754402658245 0.00591195405066801 0.00584563553501622 0.00879087182177067
"8" NA 0.00759009314231471 0.00612843011704523 0.00950422066690366 0.0066421442938996 0.00206608488109806
"9" NA -0.00426062757162188 -0.00568337705557146 -0.00422647185097949 -0.00523295537721649 -0.00479092116800541
"10" NA -0.00395962648135349 -0.00710971131690989 -0.00764551047663797 -0.00413771393867304 -0.000946244575731248
"11" NA -0.0106749268661495 -0.00804918926398697 -0.0096929481452679 -0.00827258053958075 -0.00781098415852545
"1" NA 0.0982395455838105 0.133370282017921 0.0508295043731389 0.041193718414282 0.0348792488830077
"2" NA 0.00290550881487291 0.005401563399411 0.00724228409734794 0.00747563837839262 0.00835004026025835
"3" NA -0.0059395958465892 -0.00784115752290618 -0.00215772135885567 -0.00254423777232002 -0.00225099595261581
"4" NA 0.0012010343672588 0.00242020534553665 0.00231000269859197 0.000383328241737312 -0.000248846960198432
"5" NA 0.0129784629834166 0.0147952903887793 0.00761414932497927 0.00667207673204971 0.00643187968096041
"6" NA -0.00582798487925565 -0.00780831197924006 -0.00473782388134682 -0.00400583709738198 -0.00365850163925464
"7" NA 0.0137391903461804 0.0118863313105668 0.00775975468101306 0.00654013862970885 0.00578263562382305
"8" NA 0.0134546800006461 0.013702870090465 0.0110940193155473 0.0111867043452774 0.0115324049879611
"9" NA -0.00424805125553436 -0.00741345640414015 -0.00492017710040679 -0.00779788660343907 -0.00600454710906037
"10" NA 0.00237060458697064 0.000321758062674831 0.00574271769568574 0.00413526177302411 0.00445471030409435
"11" NA -0.00787239770303028 -0.00884788011695904 -0.0106218908195328 -0.00912997228734597 -0.00852122667630469
"1" NA 0.095694308509195 0.115612116204752 0.0442267397228108 0.0354339145796094 0.0257287873359927
"2" NA 0.010262165974154 0.00904143153089342 0.00878545229392274 0.0078395616653691 0.00868037376404319
"3" NA -0.00433976365678194 -0.00276956414571473 -0.00578867471328912 -0.00664241457085613 -0.00197606249920925
"4" NA 0.0135225401143287 0.0105184980285208 0.00419844088782102 0.00625103906760332 0.00668090667611076
"5" NA 0.00427150325810099 0.0039065638198677 0.00627763556295685 0.00549559391803832 0.00359000214698112
"6" NA -0.0120734914104729 -0.015277113456935 -0.00563771391768393 -0.0066934844479788 -0.00728922520371839
"7" NA 0.000709658199074745 0.000842574332598417 0.000545966762520398 -0.000879249439009618 -0.00239393776513425
"8" NA 0.00869861331799637 0.00860585340683753 0.00553173413051754 0.00646661034759354 0.00587258611245208
"9" NA -0.00880180533793374 -0.00763952509424144 -0.0123040033602153 -0.0137811727463264 -0.00998788232353453
"10" NA 0.0095427354916548 0.0107573623149985 0.0115961943615402 0.0107219186647673 0.00885101772515403
"11" NA -0.00408974327993704 -0.00486277749793262 -0.00321385747470428 -0.00226499683704921 -0.004656717481894
