"1" 0.0592379802884835 0.0131936741122186 7.15590151984917e-06
"1" 0.0383597096113921 0.0130447686426219 0.00327833832861837
"1" 0.0738414929361625 0.0131273329644882 1.87322966155673e-08
"1" 0.0740630019201836 0.0132673423626969 2.39563554760639e-08
"1" 0.06602752543958 0.0129864719099073 3.71387793922014e-07
"1" 0.0423521941602248 0.0130067461483279 0.00113064818901039
"1" 0.0678493471587489 0.0128053826442669 1.17671723424525e-07
"1" 0.0637154654593093 0.0130126091325635 9.81517605400357e-07
"1" 0.0699279094076023 0.0130479801873922 8.42342516975756e-08
"1" 0.0536411709948514 0.0131705731746225 4.65829015517703e-05
"1" 0.0709570192071502 0.0130342591054662 5.25846012140315e-08
"1" 0.0583625626407808 0.0132114184572636 1.00197961804854e-05
