"1" 0.0210451620642869 0.0401862633004183 0.600498163130782
"1" -0.00417460530692601 0.0416204062471664 0.920105403992335
"1" 0.111477401445344 0.0405606400215746 0.00599242583553597
"1" 0.0979821397081485 0.0397961281987602 0.013818728508112
"1" 0.0733820695364658 0.040351614538724 0.0689887646243997
"1" 0.0998286282772667 0.0399543775047005 0.0124756083932425
"1" 0.00897786428522194 0.0394946280063828 0.820177718145244
"1" 0.0682653736971117 0.0389930641875607 0.0800080042927302
"1" 0.0842245991357366 0.0404838209195442 0.0374936098124915
"1" 0.0616964536509344 0.0413358727458606 0.135562926588752
"1" 0.0525495636905125 0.0400765215728285 0.189791002917569
"1" 0.0479246889111664 0.0409339975150476 0.241697719613558
"1" 0.0175254337161267 0.0402927753904486 0.663600557824766
"1" 0.0441461289065255 0.0407186135951509 0.278296615309968
"1" 0.0601176531002629 0.0412327970847168 0.144850607876691
"1" 0.0886513503320934 0.0410765567927655 0.0309212166556587
"1" 0.0250352167528028 0.0402838041366847 0.53429500675542
"1" 0.0900353313999919 0.0396642342243732 0.0232192278565034
"1" 0.0757831617638611 0.0402079568598212 0.05947025124691
"1" 0.0405955261856389 0.0410105025430033 0.322241054999724
